../ecoli_genomes/GCF_000163235.1_ASM16323v1_genomic.fna.gz,../ecoli_genomes/GCF_000164555.1_ASM16455v1_genomic.fna.gz,../ecoli_genomes/GCF_000208545.1_ASM20854v2_genomic.fna.gz,../ecoli_genomes/GCF_000233875.1_ASM23387v1_genomic.fna.gz,../ecoli_genomes/GCF_000249735.1_ASM24973v2_genomic.fna.gz,../ecoli_genomes/GCF_000261145.1_Esch_coli_M919_V2_genomic.fna.gz,../ecoli_genomes/GCF_000267705.2_ASM26770v2_genomic.fna.gz,../ecoli_genomes/GCF_000350665.1_Esch_coli_KTE5_V1_genomic.fna.gz,../ecoli_genomes/GCF_000351625.1_Esch_coli_KTE66_V1_genomic.fna.gz,../ecoli_genomes/GCF_000352285.1_Esch_coli_KTE46_V1_genomic.fna.gz,../ecoli_genomes/GCF_000358895.1_ASM35889v1_genomic.fna.gz,../ecoli_genomes/GCF_000456385.1_Esch_coli_HVH_26_4-5703913_V1_genomic.fna.gz,../ecoli_genomes/GCF_000458195.1_Esch_coli_HVH_147_4-5893887_V1_genomic.fna.gz,../ecoli_genomes/GCF_000459755.1_Esch_coli_KOEGE_58_171a_V1_genomic.fna.gz,../ecoli_genomes/GCF_000460055.1_Esch_coli_UMEA_3053-1_V1_genomic.fna.gz,../ecoli_genomes/GCF_000462165.2_ASM46216v2_genomic.fna.gz,../ecoli_genomes/GCF_000601135.1_ASM60113v1_genomic.fna.gz,../ecoli_genomes/GCF_000614595.1_Ec2010EL1058_genomic.fna.gz,../ecoli_genomes/GCF_000617745.1_Ec2010C-4529_genomic.fna.gz,../ecoli_genomes/GCF_000618265.2_EcF6751_genomic.fna.gz,../ecoli_genomes/GCF_000619005.2_Ec2009C-4052_genomic.fna.gz,../ecoli_genomes/GCF_000619105.1_Ec2009C-4780_genomic.fna.gz,../ecoli_genomes/GCF_000619765.2_Ec2009C-3279_genomic.fna.gz,../ecoli_genomes/GCF_000687005.1_ASM68700v1_genomic.fna.gz,../ecoli_genomes/GCF_000687025.1_ASM68702v1_genomic.fna.gz,../ecoli_genomes/GCF_000700125.1_ASM70012v1_genomic.fna.gz,../ecoli_genomes/GCF_000753315.1_FHI35_genomic.fna.gz,../ecoli_genomes/GCF_000776375.1_ASM77637v1_genomic.fna.gz,../ecoli_genomes/GCF_000779395.1_ASM77939v1_genomic.fna.gz,../ecoli_genomes/GCF_000780315.1_ASM78031v1_genomic.fna.gz,../ecoli_genomes/GCF_000781995.1_ASM78199v1_genomic.fna.gz,../ecoli_genomes/GCF_000986765.1_ASM98676v1_genomic.fna.gz,../ecoli_genomes/GCF_001041375.1_ViralProj287958_genomic.fna.gz,../ecoli_genomes/GCF_001265335.1_302014_genomic.fna.gz,../ecoli_genomes/GCF_001265625.1_100854_genomic.fna.gz,../ecoli_genomes/GCF_001267345.1_303289_genomic.fna.gz,../ecoli_genomes/GCF_001309985.1_ASM130998v1_genomic.fna.gz,../ecoli_genomes/GCF_001521695.1_ASM152169v1_genomic.fna.gz,../ecoli_genomes/GCF_001592595.1_ASM159259v1_genomic.fna.gz,../ecoli_genomes/GCF_001614975.1_ASM161497v1_genomic.fna.gz,../ecoli_genomes/GCF_001692775.1_ASM169277v1_genomic.fna.gz,../ecoli_genomes/GCF_001748915.1_ASM174891v1_genomic.fna.gz,../ecoli_genomes/GCF_001749235.1_ASM174923v1_genomic.fna.gz,../ecoli_genomes/GCF_001881155.1_ASM188115v1_genomic.fna.gz,../ecoli_genomes/GCF_001881345.1_ASM188134v1_genomic.fna.gz,../ecoli_genomes/GCF_001892405.1_ASM189240v1_genomic.fna.gz,../ecoli_genomes/GCF_001892585.1_ASM189258v1_genomic.fna.gz,../ecoli_genomes/GCF_001893985.1_ASM189398v1_genomic.fna.gz,../ecoli_genomes/GCF_002001595.1_ASM200159v1_genomic.fna.gz,../ecoli_genomes/GCF_002002145.1_ASM200214v1_genomic.fna.gz
1.0,0.38283153697667627,0.32334822736755275,0.3382495246539666,0.35656131364183297,0.3670511448734889,0.35591950091803637,0.3496669689146822,0.45607473668632137,0.3560123151770218,0.3792031353157326,0.3423911320554043,0.36141193193281373,0.3361556501188413,0.3230277724743247,0.36365766688690015,0.34109716762472986,0.36432512193567856,0.3202125129607476,0.35873775731055324,0.3508171809829306,0.34613127676097444,0.36876930231790006,0.3447181744423711,0.345955629742846,0.3502881544414669,0.36124422478553886,0.3415293018033241,0.3949344358705562,0.4391862328615693,0.3163723805725095,0.3500102504293714,0.0,0.35813174599082653,0.3641775990428816,0.33735677993187463,0.34111983945268276,0.36395975604397024,0.3161359587528293,0.3650897433036364,0.3281065514148157,0.3625146446237476,0.36908074784723155,0.34489267120611244,0.3541776727413075,0.3695164266284737,0.3629352006978719,0.36449082316089587,0.3391506867205908,0.40076940163398633
0.38283153697667627,1.0,0.29501368890277213,0.3320105528146491,0.4359834696049475,0.5782915346236844,0.3950101611031963,0.33778117662501517,0.3546252808298026,0.3454595437120518,0.4748998835498527,0.33870859689066657,0.4582166088620694,0.3264145205543063,0.31844102579057054,0.39900288038269294,0.47493902131245347,0.46168802291038624,0.3971906204190919,0.400317991284721,0.44554047880610737,0.4377293952792375,0.46320428365533517,0.5249713468512902,0.5313831536431728,0.5021961877970287,0.4560710237558536,0.33859386306989003,0.36217553795445123,0.3585851079003354,0.3116840532216111,0.4418634995662526,0.0,0.4496164474967018,0.5783545037641838,0.3259686078133237,0.3764722514796195,0.4629019444455704,0.30081130853342275,0.4662750352660734,0.3160072876860711,0.5144325550550417,0.4681956876851733,0.34591387443537014,0.3436799382315988,0.33937925326898855,0.5172670602226778,0.5183443820183383,0.3456455525572265,0.3620790552102515
0.32334822736755275,0.29501368890277213,1.0,0.26283987358140104,0.26389788802167735,0.28180074056435045,0.27489765693656865,0.2682994870743136,0.3131119377255893,0.2718432893243843,0.2965643658050091,0.2605212607763665,0.2862964859666718,0.267219718026514,0.25614554914633303,0.2778747056606853,0.2575330035640987,0.28562606304249905,0.24258878994223787,0.2792071292135624,0.281529421685353,0.2722096775400302,0.2870374785992774,0.2564536022296793,0.2571549367853425,0.263454463382938,0.2836767117325363,0.26988327922948874,0.30658974616328993,0.31001382923065646,0.25174821528479996,0.27227519701060177,0.0,0.28198965260283515,0.2731261962002828,0.27637525733177515,0.26115645253454955,0.2795649411682606,0.24914162690997377,0.29165108713719723,0.25853663155679474,0.28579288365814737,0.2958399931739999,0.272365164833102,0.26619518617325233,0.28599386947446226,0.29345022119735076,0.2934291671875817,0.2793306181333475,0.30853716566179246
0.3382495246539666,0.3320105528146491,0.26283987358140104,1.0,0.3418521077329528,0.33370368182262145,0.30548451489305095,0.5436545755524259,0.3393238856408951,0.564190084007536,0.3230039567123483,0.5439957231634649,0.3313134270787742,0.5834574571899072,0.6073142279282968,0.3262802406576888,0.30587516004813575,0.3193559883260775,0.2780902942025687,0.3072278453991413,0.30322243404718185,0.297303870715248,0.32192463920628167,0.3095969622836796,0.3187824248311556,0.3129459445072178,0.3142396154149216,0.5605164838713441,0.34677535003379156,0.3356907686784285,0.5430167092429897,0.33422324528871084,0.0,0.3042404520720734,0.3143923625483278,0.45979602061039715,0.29863464846338617,0.30755568654051335,0.44330953927471584,0.30967762517035835,0.5631204838393538,0.31626999706072123,0.3202759396574091,0.561267075181062,0.5528441129290174,0.3425741235543387,0.315037911883863,0.31562252173276517,0.49646755695769784,0.3549292333151902
0.35656131364183297,0.4359834696049475,0.26389788802167735,0.3418521077329528,1.0,0.4709996931697027,0.3600197747239865,0.33989700201339756,0.3644894917458481,0.3448037618376427,0.5462836345815145,0.33112551307136573,0.5075067339468157,0.3199678866441179,0.3480873362824918,0.41012679453784573,0.4840007534967049,0.4452312276158762,0.3988224803148277,0.36344683974198955,0.4469129664827107,0.4337742455594995,0.4526949904886154,0.5039093108527021,0.47266174068534406,0.47826790447702117,0.4624576727531413,0.3072634412706695,0.3412937234478123,0.3576019535514072,0.3142845406307595,0.5070739123500313,0.0,0.4574489132860423,0.4491931192803126,0.3055344501686126,0.3677564110083055,0.4675696617307826,0.2861486846612439,0.46861870253013194,0.3406185305335514,0.4463888599031183,0.48768536088521597,0.3229669354601671,0.33117268470276506,0.31119876301594085,0.4515526759368338,0.4545251142439719,0.31234574050315955,0.3352826583842594
0.3670511448734889,0.5782915346236844,0.28180074056435045,0.33370368182262145,0.4709996931697027,1.0,0.41096875306455094,0.34630410457340477,0.35513284340407536,0.33434175315332904,0.4733587349767505,0.32750877746999985,0.4644904151125647,0.3267508817230581,0.3235583510130512,0.41461037805887035,0.49458198568873146,0.4727695333291334,0.4092060647378688,0.4098036117714684,0.44349609699290193,0.4375822635287847,0.46996101523979084,0.5420661649793846,0.5487557201554002,0.503153776341737,0.44876046901578104,0.3304332875030662,0.36474037357421185,0.3521427875670077,0.30813195807236615,0.4556330000073512,0.0,0.4619262538746678,0.5844398763251415,0.33935933404200824,0.3999224737800482,0.462453480309725,0.332174276680103,0.4654964213124141,0.3190255140908367,0.5194673039296998,0.47220850709814466,0.3372808106014069,0.34134746511852054,0.33506341541144935,0.5237313141506148,0.5267914402684567,0.33494252950964876,0.36426350382906103
0.35591950091803637,0.3950101611031963,0.27489765693656865,0.30548451489305095,0.3600197747239865,0.41096875306455094,1.0,0.31058895212811233,0.3499686258239275,0.3099711642142101,0.40268370006487875,0.30372368312908704,0.38805972662841215,0.30347583678217094,0.29283095757180266,0.7334822772520598,0.3580607007840433,0.4370149297806225,0.3731427139506982,0.8610212489910476,0.42889121399988517,0.40095445274190233,0.4379416654409748,0.36403519198180356,0.3606483762905025,0.37467746283958636,0.39568074661440034,0.30823306276121776,0.3365757732114235,0.3411809208098556,0.2868293440425277,0.37275012922314,0.0,0.3958869167466781,0.4074102022578012,0.3274447590837899,0.7722505892340807,0.37114004675976064,0.3066212431994212,0.39446116130230346,0.28893037831995627,0.3981812914992974,0.4013797305817691,0.3139864024208605,0.3128928024720784,0.3141863120529209,0.38690018123385694,0.3871067216671893,0.3082794014095547,0.34345775703722126
0.3496669689146822,0.33778117662501517,0.2682994870743136,0.5436545755524259,0.33989700201339756,0.34630410457340477,0.31058895212811233,1.0,0.34059245737571364,0.5490087010934893,0.3319153891955525,0.5184210407762513,0.3365745048720076,0.5309785023235042,0.5192627488317958,0.3235745248974635,0.30950936490690995,0.32751373067775913,0.29213824735738914,0.3124402759541356,0.3113340596156008,0.308804391572684,0.3267802392391922,0.32231745973954073,0.3159839812489337,0.31910005750609716,0.3257750253317252,0.7071582116584035,0.36085818627842736,0.3351887583789941,0.5137072394972011,0.3326277172163171,0.0,0.320559052626352,0.32200564556592837,0.4540502896095182,0.3008410318151138,0.33563580793009506,0.45686105333080396,0.32517308002810497,0.5185144055675672,0.3298309600369611,0.33247487469869264,0.7144917310935012,0.6897823037592006,0.3445789354156872,0.32151322254410697,0.3218206065612066,0.4956750869877896,0.35789397313949856
0.45607473668632137,0.3546252808298026,0.3131119377255893,0.3393238856408951,0.3644894917458481,0.35513284340407536,0.3499686258239275,0.34059245737571364,1.0,0.3548271817568599,0.3752636839604263,0.33011945037245705,0.367645226007289,0.3322200510277742,0.3350475325109802,0.369812141207022,0.3328899726037595,0.356567144982598,0.30456575505228156,0.35547664845842775,0.34364540879906935,0.33784395428766667,0.35457199917503546,0.34375435765255946,0.3333729060200704,0.3486199104353005,0.35853719040699805,0.3291846973483856,0.38194323095579175,0.456892569123578,0.3215703050847142,0.3450355678083429,0.0,0.3470471132613916,0.3531004920175014,0.33647621845010545,0.33908257084716165,0.341679404041348,0.2967792798064235,0.3579865737523611,0.33071363993352154,0.3537477358210154,0.3682168219372305,0.3367789098885201,0.3326056653873013,0.3587166060061806,0.3536696387538266,0.35494629244966425,0.32937295570042446,0.3952424912619753
0.3560123151770218,0.3454595437120518,0.2718432893243843,0.564190084007536,0.3448037618376427,0.33434175315332904,0.3099711642142101,0.5490087010934893,0.3548271817568599,1.0,0.3458892747347063,0.5290542374372771,0.34663631038780707,0.554207436590422,0.5398276118375972,0.33315089988295943,0.30417247357229493,0.32252070029085,0.28620853794174417,0.31381050856095616,0.3108288381364799,0.30599653039919394,0.3178426513471543,0.31874055828614345,0.3194995367051452,0.322759484999679,0.3265140107234886,0.5467554291498338,0.3596018925656612,0.34725370887989004,0.540003963230298,0.32605967239402556,0.0,0.3123204575053157,0.3210841762345089,0.4738457663163893,0.30210148208184784,0.3243177622476109,0.4616803869240663,0.3273270036713518,0.5584503705132948,0.32378011859578804,0.32990001347171727,0.5503716357302584,0.5534785114404414,0.3453697512931724,0.32396015465650274,0.3241690450095648,0.5224986875387317,0.3560416773596847
0.3792031353157326,0.4748998835498527,0.2965643658050091,0.3230039567123483,0.5462836345815145,0.4733587349767505,0.40268370006487875,0.3319153891955525,0.3752636839604263,0.3458892747347063,1.0,0.32325766616510354,0.5789692518681724,0.3255842743752646,0.3175587262234717,0.4172667913531213,0.42716596446093313,0.5271260390839163,0.4896239896946756,0.40806355830605057,0.5157893851060117,0.5363349219244404,0.5255513277029935,0.4414318431964639,0.4250126515920689,0.4615447155631658,0.5456418603758384,0.3317713389000665,0.35549011775172956,0.37236137366150857,0.3081868551667001,0.4995981746850523,0.0,0.5242087943444786,0.47434861024835884,0.3365007482175131,0.3921096850881799,0.5313741010952748,0.3123963966547878,0.5626805968236993,0.3169135813590759,0.49247052445934636,0.5525901319144836,0.3342815900884831,0.33456787740631166,0.3338809808179586,0.48693518905435174,0.48740120446833857,0.33883808575801755,0.36135898692781787
0.3423911320554043,0.33870859689066657,0.2605212607763665,0.5439957231634649,0.33112551307136573,0.32750877746999985,0.30372368312908704,0.5184210407762513,0.33011945037245705,0.5290542374372771,0.32325766616510354,1.0,0.3249609578125957,0.5287176541210634,0.6222461097687142,0.31571877717560914,0.3016140694459304,0.3102283370241421,0.27767627668489847,0.30476013961784654,0.30664614255731826,0.2964585823342224,0.3151948606314148,0.30878704672232316,0.30847886946604874,0.31305625655621727,0.3158974639466924,0.5165828504249335,0.3574085422594939,0.3300180310829729,0.4790699115194217,0.32047720594730367,0.0,0.30555214143432763,0.3145787699002427,0.43793267890792154,0.29526833513011563,0.31636742759143743,0.4350072330861615,0.31224198698416716,0.4989391752690966,0.31642446585838935,0.32488620954561076,0.524498436696301,0.5231074667010768,0.3411483452428249,0.3218127924991102,0.32262360119837286,0.47503532099703816,0.35189172159471216
0.36141193193281373,0.4582166088620694,0.2862964859666718,0.3313134270787742,0.5075067339468157,0.4644904151125647,0.38805972662841215,0.3365745048720076,0.367645226007289,0.34663631038780707,0.5789692518681724,0.3249609578125957,1.0,0.31915326140719735,0.33057355974569147,0.4187748962785227,0.42004757467548925,0.5222401086108645,0.5400809694155235,0.39267142335474803,0.5234738763072466,0.59047688522714,0.5642532502081121,0.4395719048467771,0.4201485631880423,0.4491410677218515,0.5702430668171653,0.32270085934394166,0.34371476440161264,0.3708660498988653,0.3100451939029635,0.5449341538694804,0.0,0.5657085316547672,0.4585509685434772,0.3178864231615903,0.3889259314115807,0.5416530128588948,0.2920027453890388,0.5671933664978142,0.32142747469137556,0.4687540460374672,0.5563290815150446,0.3272888955928608,0.32528681625118283,0.3201329417655383,0.46640766719792415,0.46649920491903674,0.32146708785635403,0.34972470557202817
0.3361556501188413,0.3264145205543063,0.267219718026514,0.5834574571899072,0.3199678866441179,0.3267508817230581,0.30347583678217094,0.5309785023235042,0.3322200510277742,0.554207436590422,0.3255842743752646,0.5287176541210634,0.31915326140719735,1.0,0.5802935430482098,0.31001989461648094,0.2906395876723725,0.31901111120839787,0.2797829902350596,0.3064185750364681,0.3008295353017375,0.3011293013827747,0.31684339497979863,0.29116302133832894,0.2936833717175398,0.30024766916387824,0.31834735661948543,0.5617996366732287,0.3583553488248217,0.32247221417522676,0.5275438185957358,0.31270221657868624,0.0,0.30417147967812874,0.31197442290381694,0.460302434975977,0.2907247622222465,0.3130759261821585,0.44614396062313055,0.3148352366066377,0.5442750333499377,0.31382680980485445,0.3191557253925138,0.5565158688880791,0.5467247617455969,0.34829708960079975,0.31532112624629527,0.31566150536405324,0.5050370973513082,0.36100880492673015
0.3230277724743247,0.31844102579057054,0.25614554914633303,0.6073142279282968,0.3480873362824918,0.3235583510130512,0.29283095757180266,0.5192627488317958,0.3350475325109802,0.5398276118375972,0.3175587262234717,0.6222461097687142,0.33057355974569147,0.5802935430482098,1.0,0.3157351447326774,0.3017296394175407,0.3097351730546687,0.2707897983906934,0.29684688829664485,0.29525974694905144,0.2923312933108714,0.30888933109293304,0.30775631414395543,0.3057562410040907,0.3100771810251386,0.3102130280694584,0.5179626458092056,0.34698697130625245,0.32661875115238115,0.5278398948700598,0.3259594675817815,0.0,0.29713354633159006,0.3101458002007159,0.44329196120803993,0.28710501752559003,0.3074033763364604,0.4324045748566516,0.3089827854663615,0.5447641593495585,0.3091945331084561,0.31833548697584946,0.5233537322204427,0.5174248410408674,0.33895431017292665,0.31816768065345913,0.31806807019462735,0.47736446845446456,0.3620244860817391
0.36365766688690015,0.39900288038269294,0.2778747056606853,0.3262802406576888,0.41012679453784573,0.41461037805887035,0.7334822772520598,0.3235745248974635,0.369812141207022,0.33315089988295943,0.4172667913531213,0.31571877717560914,0.4187748962785227,0.31001989461648094,0.3157351447326774,1.0,0.38052863622837674,0.415066214795206,0.3754768611540714,0.7524013278508157,0.40955823051203233,0.4035244665563186,0.42265040294075096,0.39675114665330646,0.39549946167749916,0.40881044873338834,0.3967538563830122,0.308959528260217,0.33804599343712827,0.3723588168769141,0.30367064752636275,0.39280150053739904,0.0,0.394091641988058,0.4115739888355975,0.32081262908738684,0.7332391074455344,0.3750028292473879,0.28617724457663196,0.3932653669164522,0.313682256722682,0.3998889113373838,0.4039027141335687,0.31705119125499515,0.31675216777630566,0.3177621903267597,0.39043583515207025,0.39134516477645986,0.31068963563664453,0.3447482127745227
0.34109716762472986,0.47493902131245347,0.2575330035640987,0.30587516004813575,0.4840007534967049,0.49458198568873146,0.3580607007840433,0.30950936490690995,0.3328899726037595,0.30417247357229493,0.42716596446093313,0.3016140694459304,0.42004757467548925,0.2906395876723725,0.3017296394175407,0.38052863622837674,1.0,0.40435888891319327,0.3603744906963471,0.3583847954930731,0.39818221821289856,0.39916976190230224,0.41691183342830085,0.5689414745482357,0.5222821492217147,0.5416170582938498,0.40728077634994253,0.2929213608101744,0.34048555071496334,0.32794380376269294,0.28103373156064837,0.47777359004615017,0.0,0.41869558645351046,0.48402088564466883,0.30264799879310356,0.36283707843856006,0.40615091600736697,0.27827515222056876,0.4107061830507077,0.293232707808887,0.45460548235276743,0.41800159657926117,0.3055901903809677,0.3158647728920183,0.29976455365444843,0.46534758522226627,0.4681588491207339,0.290716410366063,0.32310322044392126
0.36432512193567856,0.46168802291038624,0.28562606304249905,0.3193559883260775,0.4452312276158762,0.4727695333291334,0.4370149297806225,0.32751373067775913,0.356567144982598,0.32252070029085,0.5271260390839163,0.3102283370241421,0.5222401086108645,0.31901111120839787,0.3097351730546687,0.415066214795206,0.40435888891319327,1.0,0.4990608118699401,0.43671050361878294,0.5496721083411552,0.5367727144463471,0.5642661966720832,0.41290506626390955,0.40341524559784225,0.42917557270342677,0.5270280176148636,0.3255201138780486,0.350229702213102,0.3521525443152166,0.2976377922403406,0.482537147845734,0.0,0.5163742015556781,0.46298359739917505,0.3399819861947002,0.4137715863220335,0.4875360075637557,0.3118511591955285,0.5325158014246218,0.2992987786308394,0.4755376188682058,0.5304803208377411,0.32608240893368534,0.32288493650636174,0.3258373192436278,0.47173387280017387,0.47150973518117,0.32247194810070356,0.3575405094443298
0.3202125129607476,0.3971906204190919,0.24258878994223787,0.2780902942025687,0.3988224803148277,0.4092060647378688,0.3731427139506982,0.29213824735738914,0.30456575505228156,0.28620853794174417,0.4896239896946756,0.27767627668489847,0.5400809694155235,0.2797829902350596,0.2707897983906934,0.3754768611540714,0.3603744906963471,0.4990608118699401,1.0,0.3701279983884409,0.4764833335194939,0.5577805295124129,0.49057063880466845,0.3685349251940667,0.364799514185959,0.3752890109143212,0.49016150717398566,0.2840838219265728,0.3004291281338617,0.3089849841944018,0.26343304412313706,0.48171680670572137,0.0,0.477676845653755,0.4059431342130124,0.2900568185791911,0.3662071648987003,0.4606201702098087,0.266740217896429,0.4851942204572701,0.268558224964935,0.4081747607844729,0.46197475316179204,0.2891136123069801,0.2870703291515292,0.28210161242988185,0.3996932612143954,0.4013118787413631,0.2767230713650761,0.30561475020309936
0.35873775731055324,0.400317991284721,0.2792071292135624,0.3072278453991413,0.36344683974198955,0.4098036117714684,0.8610212489910476,0.3124402759541356,0.35547664845842775,0.31381050856095616,0.40806355830605057,0.30476013961784654,0.39267142335474803,0.3064185750364681,0.29684688829664485,0.7524013278508157,0.3583847954930731,0.43671050361878294,0.3701279983884409,1.0,0.43219616643874936,0.40375112348681796,0.43409924527701915,0.365211056071431,0.364414572233698,0.376718811812052,0.3994117316905257,0.31031744697304264,0.34103105287586655,0.3459361220505093,0.28970827312708425,0.3748138837353764,0.0,0.39697653513659514,0.4071409760978699,0.32477012034071673,0.7705414174064759,0.3768397183685078,0.2986563850963627,0.4019750542119741,0.29250011490248795,0.4009087994622649,0.406706496971028,0.31352004993772653,0.31086094943957643,0.3201031315582886,0.39246265443615713,0.3926793412271292,0.3127681674898628,0.34851232993234027
0.3508171809829306,0.44554047880610737,0.281529421685353,0.30322243404718185,0.4469129664827107,0.44349609699290193,0.42889121399988517,0.3113340596156008,0.34364540879906935,0.3108288381364799,0.5157893851060117,0.30664614255731826,0.5234738763072466,0.3008295353017375,0.29525974694905144,0.40955823051203233,0.39818221821289856,0.5496721083411552,0.4764833335194939,0.43219616643874936,1.0,0.5314579467631334,0.5678544793374549,0.40225654430508684,0.3946882963804986,0.4243116917259496,0.5265336926200395,0.31066445483389626,0.33464812224178175,0.34674900166833356,0.28623337906625657,0.4837736969810269,0.0,0.5283904126548731,0.44786244440402667,0.32971702401600733,0.4066925633879963,0.49635369691275,0.29706928035594526,0.5300824451811084,0.2920666752153792,0.44490392293326775,0.5253714462565459,0.31292529522794355,0.31160371004802945,0.32244631388386513,0.4620020852646771,0.4619498915878518,0.3131184109725512,0.3441070765858
0.34613127676097444,0.4377293952792375,0.2722096775400302,0.297303870715248,0.4337742455594995,0.4375822635287847,0.40095445274190233,0.308804391572684,0.33784395428766667,0.30599653039919394,0.5363349219244404,0.2964585823342224,0.59047688522714,0.3011293013827747,0.2923312933108714,0.4035244665563186,0.39916976190230224,0.5367727144463471,0.5577805295124129,0.40375112348681796,0.5314579467631334,1.0,0.7009253315193564,0.396133523675713,0.39324496469294046,0.4118455893760654,0.5503680938031885,0.3092817915868763,0.32794945359236805,0.3371446971476999,0.2841544323984262,0.5138324015762713,0.0,0.6483154608096969,0.4365467898571246,0.3117408790530478,0.39094528049832666,0.5187888414101851,0.286769623028839,0.5423524516300653,0.28617446892271947,0.4454376647898124,0.5386762327817669,0.31017523741210407,0.3063678877994773,0.3101198303066117,0.4442195206566648,0.44460718150304024,0.3051621411951526,0.33795968670712584
0.36876930231790006,0.46320428365533517,0.2870374785992774,0.32192463920628167,0.4526949904886154,0.46996101523979084,0.4379416654409748,0.3267802392391922,0.35457199917503546,0.3178426513471543,0.5255513277029935,0.3151948606314148,0.5642532502081121,0.31684339497979863,0.30888933109293304,0.42265040294075096,0.41691183342830085,0.5642661966720832,0.49057063880466845,0.43409924527701915,0.5678544793374549,0.7009253315193564,1.0,0.4127517575896176,0.41166544947079,0.42486471623144784,0.5587398472721358,0.3257374398601691,0.35006879062061536,0.3485263592807266,0.2978237770300013,0.5104791632755454,0.0,0.651597832453741,0.4595300807946169,0.33558252413360523,0.415735248173992,0.5191732367850163,0.31198568650496394,0.5445061301173997,0.2989357279372017,0.4642167210193796,0.5521263584719074,0.3261200629491148,0.323387505377441,0.32628383246322645,0.4628128625149617,0.46355444002326784,0.3224136916980751,0.35271233215361697
0.3447181744423711,0.5249713468512902,0.2564536022296793,0.3095969622836796,0.5039093108527021,0.5420661649793846,0.36403519198180356,0.32231745973954073,0.34375435765255946,0.31874055828614345,0.4414318431964639,0.30878704672232316,0.4395719048467771,0.29116302133832894,0.30775631414395543,0.39675114665330646,0.5689414745482357,0.41290506626390955,0.3685349251940667,0.365211056071431,0.40225654430508684,0.396133523675713,0.4127517575896176,1.0,0.5692006668389729,0.5414836869787863,0.4144687816760706,0.2911962731230897,0.336757698495172,0.3406280266024002,0.290712884031578,0.4554059573126997,0.0,0.409935230939105,0.5489705978484543,0.29779247273450515,0.3700237206174517,0.4058546964827271,0.273557677364616,0.4115552220612667,0.3085141316157344,0.4695901328448433,0.42075514823604543,0.30591348285010134,0.3149333218794672,0.3027328343085861,0.46296633888304206,0.465212169218577,0.29318044371628904,0.3249335318233296
0.345955629742846,0.5313831536431728,0.2571549367853425,0.3187824248311556,0.47266174068534406,0.5487557201554002,0.3606483762905025,0.3159839812489337,0.3333729060200704,0.3194995367051452,0.4250126515920689,0.30847886946604874,0.4201485631880423,0.2936833717175398,0.3057562410040907,0.39549946167749916,0.5222821492217147,0.40341524559784225,0.364799514185959,0.364414572233698,0.3946882963804986,0.39324496469294046,0.41166544947079,0.5692006668389729,1.0,0.5326126815450845,0.4008411395064587,0.2940835905379583,0.32455404021883105,0.3301174507026664,0.29209756730678316,0.4671896218429338,0.0,0.40486405503887113,0.5452288233801499,0.30103656441203896,0.37025750104601185,0.4062452108141026,0.2816861727068142,0.40521899342402434,0.30482025484350006,0.45679312933434635,0.4216219190199928,0.31973068959168693,0.3251058872178233,0.30433226623012455,0.4570887853103117,0.46000088375312154,0.3046780957221248,0.3181961801737557
0.3502881544414669,0.5021961877970287,0.263454463382938,0.3129459445072178,0.47826790447702117,0.503153776341737,0.37467746283958636,0.31910005750609716,0.3486199104353005,0.322759484999679,0.4615447155631658,0.31305625655621727,0.4491410677218515,0.30024766916387824,0.3100771810251386,0.40881044873338834,0.5416170582938498,0.42917557270342677,0.3752890109143212,0.376718811812052,0.4243116917259496,0.4118455893760654,0.42486471623144784,0.5414836869787863,0.5326126815450845,1.0,0.42932109025866894,0.30226228667627164,0.3317939703903433,0.347103859385427,0.29844302819802027,0.44836933491862774,0.0,0.41723793104302687,0.5122507428731442,0.309937463534561,0.38617381791560157,0.4253674277870083,0.2861463686364649,0.4366136723526778,0.3101480072752053,0.4838176147455002,0.43796198116664364,0.3240219753745438,0.32396925027402657,0.3088980132374973,0.4886990656741025,0.4905106219606995,0.31481849407178697,0.3332260402198358
0.36124422478553886,0.4560710237558536,0.2836767117325363,0.3142396154149216,0.4624576727531413,0.44876046901578104,0.39568074661440034,0.3257750253317252,0.35853719040699805,0.3265140107234886,0.5456418603758384,0.3158974639466924,0.5702430668171653,0.31834735661948543,0.3102130280694584,0.3967538563830122,0.40728077634994253,0.5270280176148636,0.49016150717398566,0.3994117316905257,0.5265336926200395,0.5503680938031885,0.5587398472721358,0.4144687816760706,0.4008411395064587,0.42932109025866894,1.0,0.32246348740274566,0.3513144322417522,0.3522865365618899,0.30075792323996786,0.513452061158049,0.0,0.5396502746168421,0.4477788742975495,0.3256043984011079,0.37991291776057134,0.6072325279942629,0.29245843938153115,0.5728098066319591,0.30799349762576533,0.4635717689898107,0.6304252202839549,0.32849023131851585,0.3222507182100336,0.33129140626833187,0.45795196147034845,0.45838535830310834,0.326068997554411,0.35425655619970375
0.3415293018033241,0.33859386306989003,0.26988327922948874,0.5605164838713441,0.3072634412706695,0.3304332875030662,0.30823306276121776,0.7071582116584035,0.3291846973483856,0.5467554291498338,0.3317713389000665,0.5165828504249335,0.32270085934394166,0.5617996366732287,0.5179626458092056,0.308959528260217,0.2929213608101744,0.3255201138780486,0.2840838219265728,0.31031744697304264,0.31066445483389626,0.3092817915868763,0.3257374398601691,0.2911962731230897,0.2940835905379583,0.30226228667627164,0.32246348740274566,1.0,0.3625163550929241,0.32248396217093944,0.5070647145852374,0.31912510259008353,0.0,0.31388321981916545,0.3152579949812563,0.4571430016375736,0.29121780598468916,0.3281526870815268,0.45917435653049843,0.3209322097062278,0.5218793269076993,0.32188765555796905,0.3253713072022757,0.8053610584834886,0.7584905571933762,0.3436368745183279,0.3219065486619014,0.32168927213065657,0.5132357048248479,0.35577990520897884
0.3949344358705562,0.36217553795445123,0.30658974616328993,0.34677535003379156,0.3412937234478123,0.36474037357421185,0.3365757732114235,0.36085818627842736,0.38194323095579175,0.3596018925656612,0.35549011775172956,0.3574085422594939,0.34371476440161264,0.3583553488248217,0.34698697130625245,0.33804599343712827,0.34048555071496334,0.350229702213102,0.3004291281338617,0.34103105287586655,0.33464812224178175,0.32794945359236805,0.35006879062061536,0.336757698495172,0.32455404021883105,0.3317939703903433,0.3513144322417522,0.3625163550929241,1.0,0.36771318937180364,0.33274845663975583,0.336003553320558,0.0,0.3424873646698524,0.3456911103154223,0.3588800058224928,0.31918724384463015,0.3453000603403621,0.32642847340123615,0.3499727479778695,0.33189986000971317,0.34827761893649467,0.35375376874121667,0.35793393338151935,0.3563112910898255,0.4320049455307523,0.34837579435810473,0.3489679706174822,0.35374820551722097,0.6340502182350832
0.4391862328615693,0.3585851079003354,0.31001382923065646,0.3356907686784285,0.3576019535514072,0.3521427875670077,0.3411809208098556,0.3351887583789941,0.456892569123578,0.34725370887989004,0.37236137366150857,0.3300180310829729,0.3708660498988653,0.32247221417522676,0.32661875115238115,0.3723588168769141,0.32794380376269294,0.3521525443152166,0.3089849841944018,0.3459361220505093,0.34674900166833356,0.3371446971476999,0.3485263592807266,0.3406280266024002,0.3301174507026664,0.347103859385427,0.3522865365618899,0.32248396217093944,0.36771318937180364,1.0,0.31763211907920896,0.34100698533508444,0.0,0.3397894985515185,0.35240354612034575,0.32978826810971773,0.3395494163983479,0.34296459223640285,0.28948341975086933,0.3614159147388907,0.3262888209499504,0.3535203738590279,0.3622391538187282,0.3319249705408578,0.32624733282183493,0.3658346870558128,0.35689226917818684,0.35786934620042443,0.32468787873287597,0.38517194667799914
0.3163723805725095,0.3116840532216111,0.25174821528479996,0.5430167092429897,0.3142845406307595,0.30813195807236615,0.2868293440425277,0.5137072394972011,0.3215703050847142,0.540003963230298,0.3081868551667001,0.4790699115194217,0.3100451939029635,0.5275438185957358,0.5278398948700598,0.30367064752636275,0.28103373156064837,0.2976377922403406,0.26343304412313706,0.28970827312708425,0.28623337906625657,0.2841544323984262,0.2978237770300013,0.290712884031578,0.29209756730678316,0.29844302819802027,0.30075792323996786,0.5070647145852374,0.33274845663975583,0.31763211907920896,1.0,0.3019065566422099,0.0,0.2900918706024307,0.2951703449355737,0.4329748460944972,0.279379207466811,0.29460938479077237,0.4137753897400247,0.30031825620265296,0.6501823024363955,0.3012905962147473,0.3030582331328514,0.5200072191628038,0.511426847659066,0.3285129893938261,0.303054580441912,0.3028528463114635,0.4643878181901434,0.3297805621734984
0.3500102504293714,0.4418634995662526,0.27227519701060177,0.33422324528871084,0.5070739123500313,0.4556330000073512,0.37275012922314,0.3326277172163171,0.3450355678083429,0.32605967239402556,0.4995981746850523,0.32047720594730367,0.5449341538694804,0.31270221657868624,0.3259594675817815,0.39280150053739904,0.47777359004615017,0.482537147845734,0.48171680670572137,0.3748138837353764,0.4837736969810269,0.5138324015762713,0.5104791632755454,0.4554059573126997,0.4671896218429338,0.44836933491862774,0.513452061158049,0.31912510259008353,0.336003553320558,0.34100698533508444,0.3019065566422099,1.0,0.0,0.5064021215333183,0.4355621007910089,0.30874703148972593,0.37801999217239,0.5081461636375342,0.2899547484040894,0.5124091411891661,0.312310336986387,0.44427491014234477,0.5190155519350768,0.3241255071507966,0.3273870895107539,0.31048447924623745,0.45052434204536074,0.4525642982529865,0.30435155577447537,0.3330364346047271
0.0,0.0,0.0,0.0,0.0,0.0,0.0,0.0,0.0,0.0,0.0,0.0,0.0,0.0,0.0,0.0,0.0,0.0,0.0,0.0,0.0,0.0,0.0,0.0,0.0,0.0,0.0,0.0,0.0,0.0,0.0,0.0,1.0,0.0,0.0,0.0,0.0,0.0,0.0,0.0,0.0,0.0,0.0,0.0,0.0,0.0,0.0,0.0,0.0,0.0
0.35813174599082653,0.4496164474967018,0.28198965260283515,0.3042404520720734,0.4574489132860423,0.4619262538746678,0.3958869167466781,0.320559052626352,0.3470471132613916,0.3123204575053157,0.5242087943444786,0.30555214143432763,0.5657085316547672,0.30417147967812874,0.29713354633159006,0.394091641988058,0.41869558645351046,0.5163742015556781,0.477676845653755,0.39697653513659514,0.5283904126548731,0.6483154608096969,0.651597832453741,0.409935230939105,0.40486405503887113,0.41723793104302687,0.5396502746168421,0.31388321981916545,0.3424873646698524,0.3397894985515185,0.2900918706024307,0.5064021215333183,0.0,1.0,0.4510239866112291,0.3347657296669041,0.37933677454860704,0.5175374455690271,0.32512771722522527,0.536977619430608,0.2930544300455288,0.4511802920894411,0.5396903519539292,0.31510424712256824,0.31620064393928593,0.3141275421428825,0.45344031615405056,0.45447229871725303,0.3103559135290668,0.3417592518177891
0.3641775990428816,0.5783545037641838,0.2731261962002828,0.3143923625483278,0.4491931192803126,0.5844398763251415,0.4074102022578012,0.32200564556592837,0.3531004920175014,0.3210841762345089,0.47434861024835884,0.3145787699002427,0.4585509685434772,0.31197442290381694,0.3101458002007159,0.4115739888355975,0.48402088564466883,0.46298359739917505,0.4059431342130124,0.4071409760978699,0.44786244440402667,0.4365467898571246,0.4595300807946169,0.5489705978484543,0.5452288233801499,0.5122507428731442,0.4477788742975495,0.3152579949812563,0.3456911103154223,0.35240354612034575,0.2951703449355737,0.4355621007910089,0.0,0.4510239866112291,1.0,0.3243571951325981,0.38787610324385946,0.4361122488989124,0.3080153456075875,0.4606774988891822,0.3010945677489306,0.5146934852380453,0.4667462372532766,0.31783125256906664,0.3190253025195887,0.3190549993631817,0.505618831334735,0.5067048890782725,0.3169062564254056,0.34199513057513586
0.33735677993187463,0.3259686078133237,0.27637525733177515,0.45979602061039715,0.3055344501686126,0.33935933404200824,0.3274447590837899,0.4540502896095182,0.33647621845010545,0.4738457663163893,0.3365007482175131,0.43793267890792154,0.3178864231615903,0.460302434975977,0.44329196120803993,0.32081262908738684,0.30264799879310356,0.3399819861947002,0.2900568185791911,0.32477012034071673,0.32971702401600733,0.3117408790530478,0.33558252413360523,0.29779247273450515,0.30103656441203896,0.309937463534561,0.3256043984011079,0.4571430016375736,0.3588800058224928,0.32978826810971773,0.4329748460944972,0.30874703148972593,0.0,0.3347657296669041,0.3243571951325981,1.0,0.3123594912492308,0.3138708564526522,0.461531555975252,0.3294364943149686,0.4403227032992708,0.3266398341992395,0.3278447012441189,0.4608453608994758,0.46277629740113524,0.3403819633065819,0.3230987486639235,0.3231590767987159,0.4611365277390199,0.3593989582138244
0.34111983945268276,0.3764722514796195,0.26115645253454955,0.29863464846338617,0.3677564110083055,0.3999224737800482,0.7722505892340807,0.3008410318151138,0.33908257084716165,0.30210148208184784,0.3921096850881799,0.29526833513011563,0.3889259314115807,0.2907247622222465,0.28710501752559003,0.7332391074455344,0.36283707843856006,0.4137715863220335,0.3662071648987003,0.7705414174064759,0.4066925633879963,0.39094528049832666,0.415735248173992,0.3700237206174517,0.37025750104601185,0.38617381791560157,0.37991291776057134,0.29121780598468916,0.31918724384463015,0.3395494163983479,0.279379207466811,0.37801999217239,0.0,0.37933677454860704,0.38787610324385946,0.3123594912492308,1.0,0.3551996590479439,0.2850185885575176,0.37297540298568044,0.2839122957266309,0.38378090499464457,0.38669909347811515,0.30090827771421236,0.29933018493080177,0.29691863506841787,0.36989650303278887,0.3705915369871752,0.28897290230933403,0.3285477601424782
0.36395975604397024,0.4629019444455704,0.2795649411682606,0.30755568654051335,0.4675696617307826,0.462453480309725,0.37114004675976064,0.33563580793009506,0.341679404041348,0.3243177622476109,0.5313741010952748,0.31636742759143743,0.5416530128588948,0.3130759261821585,0.3074033763364604,0.3750028292473879,0.40615091600736697,0.4875360075637557,0.4606201702098087,0.3768397183685078,0.49635369691275,0.5187888414101851,0.5191732367850163,0.4058546964827271,0.4062452108141026,0.4253674277870083,0.6072325279942629,0.3281526870815268,0.3453000603403621,0.34296459223640285,0.29460938479077237,0.5081461636375342,0.0,0.5175374455690271,0.4361122488989124,0.3138708564526522,0.3551996590479439,1.0,0.30463519014576146,0.5560523409739251,0.3076402867066499,0.46034165885257805,0.6360361796803887,0.33448762157558853,0.33210569300037995,0.3258424344878228,0.4675336181777472,0.4680557395831033,0.3321028085046467,0.3457440046447079
0.3161359587528293,0.30081130853342275,0.24914162690997377,0.44330953927471584,0.2861486846612439,0.332174276680103,0.3066212431994212,0.45686105333080396,0.2967792798064235,0.4616803869240663,0.3123963966547878,0.4350072330861615,0.2920027453890388,0.44614396062313055,0.4324045748566516,0.28617724457663196,0.27827515222056876,0.3118511591955285,0.266740217896429,0.2986563850963627,0.29706928035594526,0.286769623028839,0.31198568650496394,0.273557677364616,0.2816861727068142,0.2861463686364649,0.29245843938153115,0.45917435653049843,0.32642847340123615,0.28948341975086933,0.4137753897400247,0.2899547484040894,0.0,0.32512771722522527,0.3080153456075875,0.461531555975252,0.2850185885575176,0.30463519014576146,1.0,0.30198000036494543,0.42184082270292955,0.30914754770711594,0.3055532410365279,0.4590711265971845,0.4729043329909641,0.30332144896251323,0.3017467585557325,0.3015247861690611,0.4464543014086434,0.3198303047076224
0.3650897433036364,0.4662750352660734,0.29165108713719723,0.30967762517035835,0.46861870253013194,0.4654964213124141,0.39446116130230346,0.32517308002810497,0.3579865737523611,0.3273270036713518,0.5626805968236993,0.31224198698416716,0.5671933664978142,0.3148352366066377,0.3089827854663615,0.3932653669164522,0.4107061830507077,0.5325158014246218,0.4851942204572701,0.4019750542119741,0.5300824451811084,0.5423524516300653,0.5445061301173997,0.4115552220612667,0.40521899342402434,0.4366136723526778,0.5728098066319591,0.3209322097062278,0.3499727479778695,0.3614159147388907,0.30031825620265296,0.5124091411891661,0.0,0.536977619430608,0.4606774988891822,0.3294364943149686,0.37297540298568044,0.5560523409739251,0.30198000036494543,1.0,0.3048441924002647,0.4723617059904287,0.5770275379187779,0.3226634778140358,0.32500727206021374,0.33709276518165276,0.4927665187972746,0.4930130188706675,0.325562947292907,0.36026740853593475
