GCF_000163235.1_ASM16323v1_genomic.fna,GCF_000164555.1_ASM16455v1_genomic.fna,GCF_000208545.1_ASM20854v2_genomic.fna,GCF_000233875.1_ASM23387v1_genomic.fna,GCF_000249735.1_ASM24973v2_genomic.fna,GCF_000261145.1_Esch_coli_M919_V2_genomic.fna,GCF_000267705.2_ASM26770v2_genomic.fna,GCF_000350665.1_Esch_coli_KTE5_V1_genomic.fna,GCF_000351625.1_Esch_coli_KTE66_V1_genomic.fna,GCF_000352285.1_Esch_coli_KTE46_V1_genomic.fna,GCF_000358895.1_ASM35889v1_genomic.fna,GCF_000456385.1_Esch_coli_HVH_26_4-5703913_V1_genomic.fna,GCF_000458195.1_Esch_coli_HVH_147_4-5893887_V1_genomic.fna,GCF_000459755.1_Esch_coli_KOEGE_58_171a_V1_genomic.fna,GCF_000460055.1_Esch_coli_UMEA_3053-1_V1_genomic.fna,GCF_000462165.2_ASM46216v2_genomic.fna,GCF_000601135.1_ASM60113v1_genomic.fna,GCF_000614595.1_Ec2010EL1058_genomic.fna,GCF_000617745.1_Ec2010C-4529_genomic.fna,GCF_000618265.2_EcF6751_genomic.fna,GCF_000619005.2_Ec2009C-4052_genomic.fna,GCF_000619105.1_Ec2009C-4780_genomic.fna,GCF_000619765.2_Ec2009C-3279_genomic.fna,GCF_000687005.1_ASM68700v1_genomic.fna,GCF_000687025.1_ASM68702v1_genomic.fna,GCF_000700125.1_ASM70012v1_genomic.fna,GCF_000753315.1_FHI35_genomic.fna,GCF_000776375.1_ASM77637v1_genomic.fna,GCF_000779395.1_ASM77939v1_genomic.fna,GCF_000780315.1_ASM78031v1_genomic.fna,GCF_000781995.1_ASM78199v1_genomic.fna,GCF_000986765.1_ASM98676v1_genomic.fna,GCF_001041375.1_ViralProj287958_genomic.fna,GCF_001265335.1_302014_genomic.fna,GCF_001265625.1_100854_genomic.fna,GCF_001267345.1_303289_genomic.fna,GCF_001309985.1_ASM130998v1_genomic.fna,GCF_001521695.1_ASM152169v1_genomic.fna,GCF_001592595.1_ASM159259v1_genomic.fna,GCF_001614975.1_ASM161497v1_genomic.fna,GCF_001692775.1_ASM169277v1_genomic.fna,GCF_001748915.1_ASM174891v1_genomic.fna,GCF_001749235.1_ASM174923v1_genomic.fna,GCF_001881155.1_ASM188115v1_genomic.fna,GCF_001881345.1_ASM188134v1_genomic.fna,GCF_001892405.1_ASM189240v1_genomic.fna,GCF_001892585.1_ASM189258v1_genomic.fna,GCF_001893985.1_ASM189398v1_genomic.fna,GCF_002001595.1_ASM200159v1_genomic.fna,GCF_002002145.1_ASM200214v1_genomic.fna
1.0,0.563,0.504,0.526,0.575,0.569,0.544,0.542,0.665,0.537,0.565,0.534,0.576,0.525,0.512,0.555,0.556,0.556,0.561,0.539,0.536,0.552,0.562,0.577,0.567,0.561,0.562,0.537,0.622,0.663,0.504,0.561,0.0,0.554,0.537,0.531,0.538,0.582,0.512,0.571,0.517,0.559,0.568,0.538,0.538,0.565,0.544,0.545,0.525,0.623
0.563,1.0,0.457,0.509,0.722,0.822,0.609,0.545,0.559,0.526,0.668,0.544,0.676,0.509,0.505,0.612,0.759,0.673,0.682,0.604,0.669,0.663,0.677,0.81,0.831,0.761,0.66,0.536,0.561,0.544,0.525,0.709,0.0,0.67,0.758,0.498,0.603,0.692,0.521,0.685,0.531,0.72,0.667,0.544,0.56,0.521,0.721,0.723,0.534,0.549
0.504,0.457,1.0,0.419,0.46,0.461,0.428,0.439,0.482,0.423,0.443,0.435,0.449,0.422,0.427,0.44,0.447,0.444,0.446,0.424,0.44,0.438,0.448,0.451,0.457,0.441,0.432,0.434,0.473,0.469,0.409,0.453,0.0,0.444,0.419,0.435,0.423,0.448,0.43,0.455,0.422,0.458,0.447,0.439,0.43,0.422,0.451,0.452,0.435,0.482
0.526,0.509,0.419,1.0,0.509,0.5,0.487,0.749,0.52,0.769,0.51,0.761,0.517,0.808,0.793,0.489,0.487,0.497,0.509,0.482,0.478,0.499,0.504,0.517,0.516,0.509,0.512,0.792,0.544,0.519,0.746,0.503,0.0,0.496,0.481,0.675,0.481,0.509,0.707,0.511,0.765,0.492,0.509,0.777,0.756,0.499,0.488,0.487,0.725,0.547
0.575,0.722,0.46,0.509,1.0,0.73,0.614,0.54,0.572,0.519,0.799,0.538,0.745,0.519,0.523,0.629,0.696,0.716,0.741,0.607,0.72,0.718,0.73,0.7,0.716,0.708,0.725,0.527,0.56,0.565,0.524,0.742,0.0,0.72,0.673,0.512,0.607,0.754,0.529,0.747,0.532,0.707,0.736,0.53,0.541,0.523,0.711,0.713,0.524,0.552
0.569,0.822,0.461,0.5,0.73,1.0,0.62,0.545,0.575,0.513,0.682,0.522,0.695,0.514,0.506,0.623,0.766,0.695,0.697,0.614,0.674,0.685,0.702,0.822,0.846,0.761,0.68,0.528,0.576,0.548,0.515,0.717,0.0,0.694,0.784,0.514,0.614,0.712,0.532,0.697,0.526,0.741,0.687,0.532,0.533,0.524,0.745,0.746,0.526,0.575
0.544,0.609,0.428,0.487,0.614,0.62,1.0,0.511,0.566,0.482,0.593,0.499,0.595,0.494,0.495,0.96,0.597,0.628,0.627,0.983,0.643,0.622,0.636,0.618,0.608,0.598,0.593,0.499,0.524,0.55,0.494,0.613,0.0,0.607,0.591,0.518,0.987,0.584,0.519,0.601,0.494,0.606,0.598,0.503,0.506,0.507,0.591,0.593,0.481,0.538
0.542,0.545,0.439,0.749,0.54,0.545,0.511,1.0,0.541,0.745,0.518,0.74,0.533,0.746,0.722,0.516,0.523,0.52,0.526,0.505,0.5,0.51,0.519,0.543,0.541,0.519,0.518,0.914,0.572,0.523,0.734,0.528,0.0,0.524,0.498,0.674,0.505,0.544,0.704,0.534,0.74,0.524,0.519,0.909,0.882,0.522,0.513,0.515,0.712,0.564
0.665,0.559,0.482,0.52,0.572,0.575,0.566,0.541,1.0,0.525,0.566,0.525,0.567,0.535,0.521,0.569,0.554,0.568,0.559,0.559,0.544,0.561,0.566,0.582,0.569,0.559,0.56,0.536,0.606,0.68,0.508,0.55,0.0,0.561,0.537,0.537,0.56,0.559,0.523,0.577,0.513,0.572,0.575,0.528,0.52,0.555,0.555,0.557,0.518,0.624
0.537,0.526,0.423,0.769,0.519,0.513,0.482,0.745,0.525,1.0,0.528,0.735,0.544,0.764,0.729,0.495,0.491,0.491,0.509,0.477,0.485,0.504,0.5,0.529,0.524,0.522,0.522,0.766,0.554,0.533,0.756,0.496,0.0,0.498,0.493,0.668,0.477,0.516,0.715,0.526,0.757,0.5,0.516,0.749,0.741,0.505,0.49,0.49,0.735,0.542
0.565,0.668,0.443,0.51,0.799,0.682,0.593,0.518,0.566,0.528,1.0,0.525,0.787,0.52,0.508,0.607,0.658,0.726,0.729,0.586,0.698,0.741,0.725,0.71,0.686,0.706,0.742,0.519,0.533,0.561,0.496,0.712,0.0,0.722,0.694,0.523,0.586,0.728,0.511,0.77,0.503,0.702,0.752,0.511,0.512,0.501,0.687,0.689,0.519,0.539
0.534,0.544,0.435,0.761,0.538,0.522,0.499,0.74,0.525,0.735,0.525,1.0,0.53,0.771,0.866,0.505,0.512,0.504,0.518,0.493,0.5,0.511,0.511,0.528,0.532,0.524,0.511,0.765,0.567,0.53,0.714,0.515,0.0,0.511,0.493,0.655,0.494,0.532,0.705,0.523,0.748,0.504,0.518,0.752,0.743,0.501,0.508,0.508,0.72,0.554
0.576,0.676,0.449,0.517,0.745,0.695,0.595,0.533,0.567,0.544,0.787,0.53,1.0,0.519,0.513,0.603,0.668,0.733,0.756,0.589,0.746,0.809,0.796,0.719,0.693,0.705,0.795,0.527,0.547,0.574,0.497,0.731,0.0,0.79,0.692,0.518,0.59,0.77,0.511,0.806,0.505,0.692,0.785,0.515,0.508,0.506,0.689,0.69,0.52,0.549
0.525,0.509,0.422,0.808,0.519,0.514,0.494,0.746,0.535,0.764,0.52,0.771,0.519,1.0,0.789,0.498,0.49,0.508,0.509,0.489,0.48,0.5,0.496,0.52,0.518,0.513,0.52,0.789,0.562,0.522,0.74,0.498,0.0,0.496,0.487,0.684,0.489,0.52,0.714,0.522,0.762,0.495,0.508,0.773,0.753,0.504,0.49,0.49,0.735,0.552
0.512,0.505,0.427,0.793,0.523,0.506,0.495,0.722,0.521,0.729,0.508,0.866,0.513,0.789,1.0,0.496,0.493,0.499,0.507,0.491,0.49,0.501,0.501,0.504,0.509,0.498,0.51,0.758,0.554,0.507,0.745,0.499,0.0,0.501,0.48,0.658,0.491,0.521,0.71,0.513,0.764,0.488,0.503,0.744,0.726,0.496,0.493,0.493,0.714,0.55
0.555,0.612,0.44,0.489,0.629,0.623,0.96,0.516,0.569,0.495,0.607,0.505,0.603,0.498,0.496,1.0,0.602,0.617,0.633,0.954,0.625,0.622,0.632,0.621,0.616,0.607,0.597,0.505,0.53,0.56,0.493,0.607,0.0,0.608,0.591,0.52,0.953,0.597,0.522,0.604,0.499,0.615,0.603,0.508,0.514,0.511,0.596,0.598,0.494,0.542
0.556,0.759,0.447,0.487,0.696,0.766,0.597,0.523,0.554,0.491,0.658,0.512,0.668,0.49,0.493,0.602,1.0,0.666,0.677,0.592,0.651,0.68,0.68,0.769,0.782,0.77,0.656,0.513,0.56,0.541,0.489,0.713,0.0,0.687,0.718,0.509,0.593,0.68,0.502,0.676,0.499,0.724,0.674,0.515,0.515,0.5,0.726,0.728,0.506,0.549
0.556,0.673,0.444,0.497,0.716,0.695,0.628,0.52,0.568,0.491,0.726,0.504,0.733,0.508,0.499,0.617,0.666,1.0,0.8,0.621,0.755,0.773,0.773,0.696,0.692,0.679,0.742,0.514,0.539,0.535,0.49,0.728,0.0,0.74,0.657,0.527,0.621,0.731,0.511,0.731,0.495,0.698,0.74,0.509,0.504,0.495,0.687,0.688,0.5,0.55
0.561,0.682,0.446,0.509,0.741,0.697,0.627,0.526,0.559,0.509,0.729,0.518,0.756,0.509,0.507,0.633,0.677,0.8,1.0,0.618,0.77,0.786,0.783,0.704,0.694,0.691,0.756,0.518,0.533,0.549,0.503,0.732,0.0,0.755,0.676,0.522,0.621,0.744,0.521,0.754,0.506,0.704,0.744,0.518,0.516,0.506,0.685,0.687,0.511,0.551
0.539,0.604,0.424,0.482,0.607,0.614,0.983,0.505,0.559,0.477,0.586,0.493,0.589,0.489,0.491,0.954,0.592,0.621,0.618,1.0,0.635,0.614,0.628,0.611,0.607,0.594,0.586,0.494,0.52,0.544,0.489,0.605,0.0,0.602,0.585,0.511,0.994,0.579,0.514,0.596,0.489,0.599,0.593,0.497,0.5,0.507,0.585,0.587,0.476,0.533
0.536,0.669,0.44,0.478,0.72,0.674,0.643,0.5,0.544,0.485,0.698,0.5,0.746,0.48,0.49,0.625,0.651,0.755,0.77,0.635,1.0,0.769,0.781,0.678,0.665,0.665,0.738,0.494,0.518,0.535,0.484,0.747,0.0,0.761,0.637,0.502,0.638,0.727,0.51,0.747,0.496,0.665,0.733,0.497,0.501,0.506,0.676,0.679,0.482,0.537
0.552,0.663,0.438,0.499,0.718,0.685,0.622,0.51,0.561,0.504,0.741,0.511,0.809,0.5,0.501,0.622,0.68,0.773,0.786,0.614,0.769,1.0,0.919,0.705,0.686,0.682,0.776,0.511,0.534,0.547,0.484,0.734,0.0,0.88,0.664,0.511,0.616,0.761,0.501,0.783,0.489,0.683,0.779,0.505,0.5,0.497,0.682,0.684,0.502,0.541
0.562,0.677,0.448,0.504,0.73,0.702,0.636,0.519,0.566,0.5,0.725,0.511,0.796,0.496,0.501,0.632,0.68,0.773,0.783,0.628,0.781,0.919,1.0,0.689,0.689,0.674,0.768,0.512,0.536,0.539,0.5,0.746,0.0,0.873,0.65,0.514,0.63,0.759,0.517,0.765,0.508,0.683,0.758,0.515,0.511,0.503,0.678,0.681,0.496,0.542
0.577,0.81,0.451,0.517,0.7,0.822,0.618,0.543,0.582,0.529,0.71,0.528,0.719,0.52,0.504,0.621,0.769,0.696,0.704,0.611,0.678,0.705,0.689,1.0,0.837,0.791,0.706,0.525,0.563,0.569,0.504,0.693,0.0,0.691,0.823,0.511,0.612,0.692,0.503,0.72,0.508,0.761,0.71,0.519,0.516,0.516,0.745,0.745,0.513,0.567
0.567,0.831,0.457,0.516,0.716,0.846,0.608,0.541,0.569,0.524,0.686,0.532,0.693,0.518,0.509,0.616,0.782,0.692,0.694,0.607,0.665,0.686,0.689,0.837,1.0,0.789,0.686,0.537,0.568,0.548,0.51,0.711,0.0,0.688,0.801,0.519,0.607,0.705,0.518,0.703,0.521,0.749,0.687,0.539,0.536,0.514,0.742,0.743,0.537,0.56
0.561,0.761,0.441,0.509,0.708,0.761,0.598,0.519,0.559,0.522,0.706,0.524,0.705,0.513,0.498,0.607,0.77,0.679,0.691,0.594,0.665,0.682,0.674,0.791,0.789,1.0,0.688,0.516,0.54,0.561,0.488,0.687,0.0,0.674,0.749,0.51,0.594,0.696,0.501,0.702,0.496,0.743,0.692,0.516,0.511,0.495,0.744,0.745,0.529,0.545
0.562,0.66,0.432,0.512,0.725,0.68,0.593,0.518,0.56,0.522,0.742,0.511,0.795,0.52,0.51,0.597,0.656,0.742,0.756,0.586,0.738,0.776,0.768,0.706,0.686,0.688,1.0,0.514,0.549,0.559,0.498,0.738,0.0,0.755,0.673,0.508,0.587,0.836,0.501,0.795,0.505,0.679,0.858,0.507,0.5,0.506,0.668,0.67,0.507,0.554
0.537,0.536,0.434,0.792,0.527,0.528,0.499,0.914,0.536,0.766,0.519,0.765,0.527,0.789,0.758,0.505,0.513,0.514,0.518,0.494,0.494,0.511,0.512,0.525,0.537,0.516,0.514,1.0,0.562,0.523,0.735,0.525,0.0,0.516,0.487,0.678,0.493,0.531,0.705,0.526,0.757,0.51,0.509,0.964,0.934,0.515,0.503,0.505,0.743,0.552
0.622,0.561,0.473,0.544,0.56,0.576,0.524,0.572,0.606,0.554,0.533,0.567,0.547,0.562,0.554,0.53,0.56,0.539,0.533,0.52,0.518,0.534,0.536,0.563,0.568,0.54,0.549,0.562,1.0,0.593,0.54,0.546,0.0,0.542,0.524,0.549,0.519,0.565,0.541,0.55,0.545,0.538,0.541,0.557,0.549,0.64,0.525,0.527,0.552,0.843
0.663,0.544,0.469,0.519,0.565,0.548,0.55,0.523,0.68,0.533,0.561,0.53,0.574,0.522,0.507,0.56,0.541,0.535,0.549,0.544,0.535,0.547,0.539,0.569,0.548,0.561,0.559,0.523,0.593,1.0,0.49,0.537,0.0,0.533,0.528,0.517,0.545,0.554,0.507,0.581,0.503,0.557,0.562,0.514,0.503,0.575,0.546,0.547,0.514,0.607
0.504,0.525,0.409,0.746,0.524,0.515,0.494,0.734,0.508,0.756,0.496,0.714,0.497,0.74,0.745,0.493,0.489,0.49,0.503,0.489,0.484,0.484,0.5,0.504,0.51,0.488,0.498,0.735,0.54,0.49,1.0,0.514,0.0,0.487,0.471,0.644,0.489,0.502,0.706,0.506,0.909,0.502,0.487,0.738,0.74,0.511,0.48,0.48,0.698,0.529
0.561,0.709,0.453,0.503,0.742,0.717,0.613,0.528,0.55,0.496,0.712,0.515,0.731,0.498,0.499,0.607,0.713,0.728,0.732,0.605,0.747,0.734,0.746,0.693,0.711,0.687,0.738,0.525,0.546,0.537,0.514,1.0,0.0,0.744,0.653,0.51,0.605,0.762,0.523,0.767,0.515,0.702,0.758,0.528,0.535,0.505,0.695,0.697,0.499,0.54
0.0,0.0,0.0,0.0,0.0,0.0,0.0,0.0,0.0,0.0,0.0,0.0,0.0,0.0,0.0,0.0,0.0,0.0,0.0,0.0,0.0,0.0,0.0,0.0,0.0,0.0,0.0,0.0,0.0,0.0,0.0,0.0,1.0,0.0,0.0,0.0,0.0,0.0,0.0,0.0,0.0,0.0,0.0,0.0,0.0,0.0,0.0,0.0,0.0,0.0
0.554,0.67,0.444,0.496,0.72,0.694,0.607,0.524,0.561,0.498,0.722,0.511,0.79,0.496,0.501,0.608,0.687,0.74,0.755,0.602,0.761,0.88,0.873,0.691,0.688,0.674,0.755,0.516,0.542,0.533,0.487,0.744,0.0,1.0,0.654,0.515,0.601,0.76,0.515,0.766,0.488,0.68,0.766,0.514,0.512,0.496,0.688,0.691,0.5,0.546
0.537,0.758,0.419,0.481,0.673,0.784,0.591,0.498,0.537,0.493,0.694,0.493,0.692,0.487,0.48,0.591,0.718,0.657,0.676,0.585,0.637,0.664,0.65,0.823,0.801,0.749,0.673,0.487,0.524,0.528,0.471,0.653,0.0,0.654,1.0,0.487,0.585,0.659,0.477,0.685,0.474,0.705,0.688,0.478,0.477,0.482,0.702,0.701,0.486,0.523
0.531,0.498,0.435,0.675,0.512,0.514,0.518,0.674,0.537,0.668,0.523,0.655,0.518,0.684,0.658,0.52,0.509,0.527,0.522,0.511,0.502,0.511,0.514,0.511,0.519,0.51,0.508,0.678,0.549,0.517,0.644,0.51,0.0,0.515,0.487,1.0,0.512,0.503,0.691,0.525,0.655,0.516,0.513,0.673,0.662,0.496,0.5,0.5,0.675,0.548
0.538,0.603,0.423,0.481,0.607,0.614,0.987,0.505,0.56,0.477,0.586,0.494,0.59,0.489,0.491,0.953,0.593,0.621,0.621,0.994,0.638,0.616,0.63,0.612,0.607,0.594,0.587,0.493,0.519,0.545,0.489,0.605,0.0,0.601,0.585,0.512,1.0,0.578,0.514,0.596,0.489,0.599,0.593,0.497,0.5,0.507,0.584,0.586,0.476,0.534
0.582,0.692,0.448,0.509,0.754,0.712,0.584,0.544,0.559,0.516,0.728,0.532,0.77,0.52,0.521,0.597,0.68,0.731,0.744,0.579,0.727,0.761,0.759,0.692,0.705,0.696,0.836,0.531,0.565,0.554,0.502,0.762,0.0,0.76,0.659,0.503,0.578,1.0,0.518,0.786,0.516,0.694,0.866,0.53,0.517,0.514,0.698,0.7,0.518,0.558
0.512,0.521,0.43,0.707,0.529,0.532,0.519,0.704,0.523,0.715,0.511,0.705,0.511,0.714,0.71,0.522,0.502,0.511,0.521,0.514,0.51,0.501,0.517,0.503,0.518,0.501,0.501,0.705,0.541,0.507,0.706,0.523,0.0,0.515,0.477,0.691,0.514,0.518,1.0,0.516,0.718,0.506,0.506,0.708,0.712,0.516,0.5,0.5,0.695,0.541
0.571,0.685,0.455,0.511,0.747,0.697,0.601,0.534,0.577,0.526,0.77,0.523,0.806,0.522,0.513,0.604,0.676,0.731,0.754,0.596,0.747,0.783,0.765,0.72,0.703,0.702,0.795,0.526,0.55,0.581,0.506,0.767,0.0,0.766,0.685,0.525,0.596,0.786,0.516,1.0,0.509,0.699,0.801,0.517,0.516,0.517,0.7,0.701,0.512,0.558
0.517,0.531,0.422,0.765,0.532,0.526,0.494,0.74,0.513,0.757,0.503,0.748,0.505,0.762,0.764,0.499,0.499,0.495,0.506,0.489,0.496,0.489,0.508,0.508,0.521,0.496,0.505,0.757,0.545,0.503,0.909,0.515,0.0,0.488,0.474,0.655,0.489,0.516,0.718,0.509,1.0,0.504,0.489,0.759,0.757,0.514,0.487,0.487,0.71,0.536
0.559,0.72,0.458,0.492,0.707,0.741,0.606,0.524,0.572,0.5,0.702,0.504,0.692,0.495,0.488,0.615,0.724,0.698,0.704,0.599,0.665,0.683,0.683,0.761,0.749,0.743,0.679,0.51,0.538,0.557,0.502,0.702,0.0,0.68,0.705,0.516,0.599,0.694,0.506,0.699,0.504,1.0,0.714,0.514,0.506,0.499,0.766,0.768,0.508,0.547
0.568,0.667,0.447,0.509,0.736,0.687,0.598,0.519,0.575,0.516,0.752,0.518,0.785,0.508,0.503,0.603,0.674,0.74,0.744,0.593,0.733,0.779,0.758,0.71,0.687,0.692,0.858,0.509,0.541,0.562,0.487,0.758,0.0,0.766,0.688,0.513,0.593,0.866,0.506,0.801,0.489,0.714,1.0,0.505,0.5,0.511,0.7,0.701,0.504,0.551
0.538,0.544,0.439,0.777,0.53,0.532,0.503,0.909,0.528,0.749,0.511,0.752,0.515,0.773,0.744,0.508,0.515,0.509,0.518,0.497,0.497,0.505,0.515,0.519,0.539,0.516,0.507,0.964,0.557,0.514,0.738,0.528,0.0,0.514,0.478,0.673,0.497,0.53,0.708,0.517,0.759,0.514,0.505,1.0,0.954,0.519,0.501,0.503,0.735,0.552
0.538,0.56,0.43,0.756,0.541,0.533,0.506,0.882,0.52,0.741,0.512,0.743,0.508,0.753,0.726,0.514,0.515,0.504,0.516,0.5,0.501,0.5,0.511,0.516,0.536,0.511,0.5,0.934,0.549,0.503,0.74,0.535,0.0,0.512,0.477,0.662,0.5,0.517,0.712,0.516,0.757,0.506,0.5,0.954,1.0,0.518,0.506,0.508,0.722,0.544
0.565,0.521,0.422,0.499,0.523,0.524,0.507,0.522,0.555,0.505,0.501,0.501,0.506,0.504,0.496,0.511,0.5,0.495,0.506,0.507,0.506,0.497,0.503,0.516,0.514,0.495,0.506,0.515,0.64,0.575,0.511,0.505,0.0,0.496,0.482,0.496,0.507,0.514,0.516,0.517,0.514,0.499,0.511,0.519,0.518,1.0,0.507,0.509,0.51,0.695
0.544,0.721,0.451,0.488,0.711,0.745,0.591,0.513,0.555,0.49,0.687,0.508,0.689,0.49,0.493,0.596,0.726,0.687,0.685,0.585,0.676,0.682,0.678,0.745,0.742,0.744,0.668,0.503,0.525,0.546,0.48,0.695,0.0,0.688,0.702,0.5,0.584,0.698,0.5,0.7,0.487,0.766,0.7,0.501,0.506,0.507,1.0,0.997,0.507,0.539
0.545,0.723,0.452,0.487,0.713,0.746,0.593,0.515,0.557,0.49,0.689,0.508,0.69,0.49,0.493,0.598,0.728,0.688,0.687,0.587,0.679,0.684,0.681,0.745,0.743,0.745,0.67,0.505,0.527,0.547,0.48,0.697,0.0,0.691,0.701,0.5,0.586,0.7,0.5,0.701,0.487,0.768,0.701,0.503,0.508,0.509,0.997,1.0,0.507,0.541
0.525,0.534,0.435,0.725,0.524,0.526,0.481,0.712,0.518,0.735,0.519,0.72,0.52,0.735,0.714,0.494,0.506,0.5,0.511,0.476,0.482,0.502,0.496,0.513,0.537,0.529,0.507,0.743,0.552,0.514,0.698,0.499,0.0,0.5,0.486,0.675,0.476,0.518,0.695,0.512,0.71,0.508,0.504,0.735,0.722,0.51,0.507,0.507,1.0,0.542
0.623,0.549,0.482,0.547,0.552,0.575,0.538,0.564,0.624,0.542,0.539,0.554,0.549,0.552,0.55,0.542,0.549,0.55,0.551,0.533,0.537,0.541,0.542,0.567,0.56,0.545,0.554,0.552,0.843,0.607,0.529,0.54,0.0,0.546,0.523,0.548,0.534,0.558,0.541,0.558,0.536,0.547,0.551,0.552,0.544,0.695,0.539,0.541,0.542,1.0
