GCF_000163235.1_ASM16323v1_genomic.fna,GCF_000164555.1_ASM16455v1_genomic.fna,GCF_000208545.1_ASM20854v2_genomic.fna,GCF_000233875.1_ASM23387v1_genomic.fna,GCF_000249735.1_ASM24973v2_genomic.fna,GCF_000261145.1_Esch_coli_M919_V2_genomic.fna,GCF_000267705.2_ASM26770v2_genomic.fna,GCF_000350665.1_Esch_coli_KTE5_V1_genomic.fna,GCF_000351625.1_Esch_coli_KTE66_V1_genomic.fna,GCF_000352285.1_Esch_coli_KTE46_V1_genomic.fna,GCF_000358895.1_ASM35889v1_genomic.fna,GCF_000456385.1_Esch_coli_HVH_26_4-5703913_V1_genomic.fna,GCF_000458195.1_Esch_coli_HVH_147_4-5893887_V1_genomic.fna,GCF_000459755.1_Esch_coli_KOEGE_58_171a_V1_genomic.fna,GCF_000460055.1_Esch_coli_UMEA_3053-1_V1_genomic.fna,GCF_000462165.2_ASM46216v2_genomic.fna,GCF_000601135.1_ASM60113v1_genomic.fna,GCF_000614595.1_Ec2010EL1058_genomic.fna,GCF_000617745.1_Ec2010C-4529_genomic.fna,GCF_000618265.2_EcF6751_genomic.fna,GCF_000619005.2_Ec2009C-4052_genomic.fna,GCF_000619105.1_Ec2009C-4780_genomic.fna,GCF_000619765.2_Ec2009C-3279_genomic.fna,GCF_000687005.1_ASM68700v1_genomic.fna,GCF_000687025.1_ASM68702v1_genomic.fna,GCF_000700125.1_ASM70012v1_genomic.fna,GCF_000753315.1_FHI35_genomic.fna,GCF_000776375.1_ASM77637v1_genomic.fna,GCF_000779395.1_ASM77939v1_genomic.fna,GCF_000780315.1_ASM78031v1_genomic.fna,GCF_000781995.1_ASM78199v1_genomic.fna,GCF_000986765.1_ASM98676v1_genomic.fna,GCF_001041375.1_ViralProj287958_genomic.fna,GCF_001265335.1_302014_genomic.fna,GCF_001265625.1_100854_genomic.fna,GCF_001267345.1_303289_genomic.fna,GCF_001309985.1_ASM130998v1_genomic.fna,GCF_001521695.1_ASM152169v1_genomic.fna,GCF_001592595.1_ASM159259v1_genomic.fna,GCF_001614975.1_ASM161497v1_genomic.fna,GCF_001692775.1_ASM169277v1_genomic.fna,GCF_001748915.1_ASM174891v1_genomic.fna,GCF_001749235.1_ASM174923v1_genomic.fna,GCF_001881155.1_ASM188115v1_genomic.fna,GCF_001881345.1_ASM188134v1_genomic.fna,GCF_001892405.1_ASM189240v1_genomic.fna,GCF_001892585.1_ASM189258v1_genomic.fna,GCF_001893985.1_ASM189398v1_genomic.fna,GCF_002001595.1_ASM200159v1_genomic.fna,GCF_002002145.1_ASM200214v1_genomic.fna
1.0,0.473,0.391,0.404,0.451,0.466,0.434,0.412,0.598,0.426,0.463,0.426,0.446,0.401,0.398,0.447,0.436,0.465,0.449,0.433,0.425,0.451,0.45,0.471,0.458,0.456,0.452,0.412,0.521,0.565,0.395,0.468,0.0,0.451,0.433,0.416,0.43,0.46,0.41,0.459,0.396,0.459,0.452,0.412,0.425,0.456,0.451,0.452,0.411,0.516
0.473,1.0,0.335,0.397,0.582,0.768,0.49,0.412,0.446,0.411,0.578,0.418,0.588,0.392,0.393,0.505,0.674,0.583,0.593,0.49,0.548,0.593,0.59,0.764,0.79,0.708,0.585,0.408,0.444,0.433,0.386,0.596,0.0,0.586,0.733,0.392,0.488,0.613,0.385,0.585,0.391,0.664,0.602,0.429,0.432,0.407,0.673,0.673,0.427,0.435
0.391,0.335,1.0,0.303,0.322,0.332,0.305,0.316,0.36,0.309,0.322,0.311,0.328,0.306,0.303,0.314,0.329,0.337,0.328,0.306,0.297,0.316,0.317,0.334,0.34,0.325,0.325,0.309,0.365,0.378,0.295,0.334,0.0,0.322,0.306,0.316,0.305,0.319,0.305,0.321,0.3,0.334,0.347,0.323,0.314,0.321,0.335,0.336,0.318,0.366
0.404,0.397,0.303,1.0,0.383,0.4,0.361,0.676,0.389,0.73,0.407,0.701,0.397,0.767,0.754,0.371,0.402,0.385,0.387,0.36,0.36,0.38,0.379,0.42,0.412,0.401,0.372,0.731,0.434,0.4,0.7,0.395,0.0,0.371,0.391,0.584,0.359,0.377,0.645,0.391,0.724,0.383,0.39,0.709,0.713,0.4,0.392,0.392,0.657,0.433
0.451,0.582,0.322,0.383,1.0,0.596,0.487,0.398,0.436,0.382,0.734,0.396,0.662,0.383,0.387,0.507,0.583,0.633,0.645,0.487,0.648,0.646,0.659,0.596,0.582,0.588,0.678,0.388,0.452,0.446,0.376,0.664,0.0,0.651,0.561,0.386,0.488,0.673,0.386,0.666,0.382,0.594,0.691,0.391,0.392,0.414,0.629,0.629,0.388,0.428
0.466,0.768,0.332,0.4,0.596,1.0,0.517,0.424,0.451,0.403,0.584,0.409,0.594,0.393,0.397,0.529,0.677,0.586,0.601,0.517,0.544,0.6,0.597,0.773,0.797,0.69,0.576,0.41,0.466,0.435,0.39,0.59,0.0,0.601,0.751,0.414,0.514,0.609,0.411,0.591,0.396,0.68,0.604,0.407,0.417,0.405,0.675,0.675,0.411,0.447
0.434,0.49,0.305,0.361,0.487,0.517,1.0,0.367,0.436,0.356,0.484,0.365,0.481,0.361,0.359,0.943,0.485,0.539,0.517,0.991,0.535,0.501,0.524,0.5,0.499,0.494,0.495,0.357,0.421,0.423,0.348,0.512,0.0,0.483,0.479,0.397,0.986,0.483,0.374,0.483,0.352,0.489,0.5,0.361,0.361,0.393,0.492,0.492,0.368,0.418
0.412,0.412,0.316,0.676,0.398,0.424,0.367,1.0,0.401,0.68,0.376,0.679,0.392,0.669,0.666,0.372,0.389,0.389,0.393,0.366,0.362,0.376,0.38,0.419,0.406,0.4,0.376,0.88,0.451,0.403,0.669,0.397,0.0,0.382,0.385,0.588,0.364,0.403,0.653,0.391,0.671,0.397,0.4,0.882,0.87,0.407,0.401,0.401,0.658,0.436
0.598,0.446,0.36,0.389,0.436,0.451,0.436,0.401,1.0,0.4,0.45,0.387,0.442,0.387,0.392,0.445,0.422,0.446,0.431,0.435,0.404,0.441,0.443,0.45,0.441,0.443,0.436,0.406,0.498,0.593,0.396,0.446,0.0,0.439,0.42,0.419,0.435,0.434,0.404,0.448,0.397,0.451,0.445,0.405,0.404,0.458,0.433,0.434,0.399,0.508
0.426,0.411,0.309,0.73,0.382,0.403,0.356,0.68,0.4,1.0,0.411,0.69,0.403,0.73,0.695,0.367,0.405,0.382,0.388,0.355,0.355,0.375,0.367,0.419,0.403,0.409,0.382,0.706,0.444,0.407,0.709,0.382,0.0,0.37,0.387,0.597,0.355,0.387,0.656,0.403,0.715,0.385,0.388,0.688,0.702,0.41,0.394,0.394,0.66,0.435
0.463,0.578,0.322,0.407,0.734,0.584,0.484,0.376,0.45,0.411,1.0,0.4,0.723,0.416,0.388,0.501,0.599,0.654,0.656,0.483,0.615,0.682,0.661,0.644,0.587,0.61,0.666,0.397,0.436,0.453,0.385,0.65,0.0,0.658,0.611,0.392,0.483,0.669,0.393,0.705,0.392,0.609,0.674,0.383,0.387,0.392,0.602,0.602,0.384,0.433
0.426,0.418,0.311,0.701,0.396,0.409,0.365,0.679,0.387,0.69,0.4,1.0,0.405,0.717,0.842,0.373,0.416,0.391,0.397,0.364,0.371,0.388,0.381,0.431,0.412,0.418,0.379,0.708,0.442,0.404,0.654,0.401,0.0,0.383,0.396,0.582,0.363,0.389,0.655,0.403,0.678,0.381,0.39,0.687,0.699,0.406,0.408,0.408,0.647,0.431
0.446,0.588,0.328,0.397,0.662,0.594,0.481,0.392,0.442,0.403,0.723,0.405,1.0,0.392,0.393,0.498,0.6,0.692,0.707,0.482,0.668,0.756,0.74,0.617,0.587,0.61,0.714,0.408,0.432,0.446,0.384,0.688,0.0,0.739,0.584,0.395,0.482,0.709,0.402,0.756,0.391,0.616,0.716,0.392,0.394,0.387,0.613,0.613,0.393,0.425
0.401,0.392,0.306,0.767,0.383,0.393,0.361,0.669,0.387,0.73,0.416,0.717,0.392,1.0,0.744,0.371,0.397,0.381,0.384,0.36,0.35,0.379,0.373,0.413,0.398,0.398,0.367,0.714,0.431,0.388,0.699,0.388,0.0,0.367,0.386,0.587,0.36,0.378,0.662,0.388,0.719,0.383,0.379,0.692,0.698,0.405,0.39,0.39,0.661,0.428
0.398,0.393,0.303,0.754,0.387,0.397,0.359,0.666,0.392,0.695,0.388,0.842,0.393,0.744,1.0,0.367,0.404,0.381,0.379,0.358,0.356,0.382,0.378,0.4,0.399,0.4,0.374,0.711,0.423,0.4,0.694,0.39,0.0,0.37,0.378,0.587,0.358,0.379,0.669,0.394,0.715,0.377,0.385,0.689,0.693,0.41,0.406,0.406,0.659,0.44
0.447,0.505,0.314,0.371,0.507,0.529,0.943,0.372,0.445,0.367,0.501,0.373,0.498,0.371,0.367,1.0,0.497,0.536,0.528,0.947,0.514,0.513,0.527,0.51,0.508,0.505,0.507,0.364,0.43,0.439,0.357,0.511,0.0,0.499,0.486,0.402,0.951,0.499,0.379,0.499,0.361,0.5,0.514,0.367,0.367,0.393,0.509,0.509,0.38,0.428
0.436,0.674,0.329,0.402,0.583,0.677,0.485,0.389,0.422,0.405,0.599,0.416,0.6,0.397,0.404,0.497,1.0,0.578,0.578,0.485,0.545,0.6,0.582,0.726,0.692,0.729,0.569,0.404,0.419,0.418,0.381,0.607,0.0,0.596,0.672,0.4,0.485,0.585,0.395,0.596,0.387,0.65,0.594,0.396,0.403,0.385,0.663,0.662,0.394,0.417
0.465,0.583,0.337,0.385,0.633,0.586,0.539,0.389,0.446,0.382,0.654,0.391,0.692,0.381,0.381,0.536,0.578,1.0,0.735,0.539,0.697,0.719,0.724,0.595,0.581,0.599,0.684,0.39,0.438,0.446,0.372,0.665,0.0,0.684,0.57,0.419,0.536,0.666,0.4,0.683,0.374,0.61,0.688,0.393,0.393,0.399,0.615,0.614,0.375,0.439
0.449,0.593,0.328,0.387,0.645,0.601,0.517,0.393,0.431,0.388,0.656,0.397,0.707,0.384,0.379,0.528,0.578,0.735,1.0,0.516,0.706,0.718,0.717,0.595,0.592,0.597,0.69,0.392,0.428,0.436,0.379,0.681,0.0,0.694,0.587,0.424,0.515,0.675,0.398,0.692,0.384,0.603,0.692,0.394,0.398,0.392,0.608,0.608,0.383,0.43
0.433,0.49,0.306,0.36,0.487,0.517,0.991,0.366,0.435,0.355,0.483,0.364,0.482,0.36,0.358,0.947,0.485,0.539,0.516,1.0,0.534,0.501,0.523,0.5,0.5,0.493,0.495,0.356,0.42,0.422,0.347,0.513,0.0,0.484,0.479,0.396,0.988,0.483,0.372,0.484,0.351,0.489,0.501,0.361,0.36,0.392,0.491,0.491,0.367,0.417
0.425,0.548,0.297,0.36,0.648,0.544,0.535,0.362,0.404,0.355,0.615,0.371,0.668,0.35,0.356,0.514,0.545,0.697,0.706,0.534,1.0,0.698,0.718,0.555,0.54,0.564,0.676,0.358,0.399,0.411,0.35,0.679,0.0,0.673,0.54,0.39,0.534,0.661,0.371,0.673,0.358,0.555,0.674,0.362,0.36,0.402,0.589,0.589,0.356,0.404
0.451,0.593,0.316,0.38,0.646,0.6,0.501,0.376,0.441,0.375,0.682,0.388,0.756,0.379,0.382,0.513,0.6,0.719,0.718,0.501,0.698,1.0,0.911,0.604,0.594,0.593,0.71,0.386,0.414,0.437,0.371,0.694,0.0,0.867,0.578,0.4,0.501,0.703,0.384,0.726,0.374,0.604,0.718,0.381,0.383,0.38,0.61,0.609,0.379,0.416
0.45,0.59,0.317,0.379,0.659,0.597,0.524,0.38,0.443,0.367,0.661,0.381,0.74,0.373,0.378,0.527,0.582,0.724,0.717,0.523,0.718,0.911,1.0,0.594,0.585,0.585,0.724,0.381,0.422,0.432,0.371,0.704,0.0,0.849,0.562,0.406,0.522,0.709,0.389,0.705,0.373,0.586,0.721,0.384,0.384,0.381,0.612,0.611,0.381,0.416
0.471,0.764,0.334,0.42,0.596,0.773,0.5,0.419,0.45,0.419,0.644,0.431,0.617,0.413,0.4,0.51,0.726,0.595,0.595,0.5,0.555,0.604,0.594,1.0,0.801,0.72,0.596,0.408,0.448,0.442,0.389,0.596,0.0,0.602,0.803,0.407,0.499,0.596,0.394,0.611,0.397,0.688,0.606,0.398,0.407,0.408,0.672,0.672,0.399,0.438
0.458,0.79,0.34,0.412,0.582,0.797,0.499,0.406,0.441,0.403,0.587,0.412,0.587,0.398,0.399,0.508,0.692,0.581,0.592,0.5,0.54,0.594,0.585,0.801,1.0,0.73,0.574,0.418,0.435,0.432,0.393,0.595,0.0,0.586,0.773,0.402,0.498,0.585,0.4,0.593,0.401,0.671,0.593,0.421,0.417,0.401,0.666,0.666,0.421,0.42
0.456,0.708,0.325,0.401,0.588,0.69,0.494,0.4,0.443,0.409,0.61,0.418,0.61,0.398,0.4,0.505,0.729,0.599,0.597,0.493,0.564,0.593,0.585,0.72,0.73,1.0,0.581,0.411,0.437,0.433,0.396,0.594,0.0,0.584,0.683,0.411,0.492,0.595,0.399,0.614,0.402,0.674,0.591,0.422,0.412,0.407,0.673,0.673,0.42,0.425
0.452,0.585,0.325,0.372,0.678,0.576,0.495,0.376,0.436,0.382,0.666,0.379,0.714,0.367,0.374,0.507,0.569,0.684,0.69,0.495,0.676,0.71,0.724,0.596,0.574,0.581,1.0,0.37,0.435,0.429,0.369,0.706,0.0,0.702,0.56,0.394,0.493,0.801,0.378,0.722,0.373,0.592,0.811,0.375,0.374,0.405,0.603,0.602,0.378,0.425
0.412,0.408,0.309,0.731,0.388,0.41,0.357,0.88,0.406,0.706,0.397,0.708,0.408,0.714,0.711,0.364,0.404,0.39,0.392,0.356,0.358,0.386,0.381,0.408,0.418,0.411,0.37,1.0,0.442,0.409,0.682,0.397,0.0,0.378,0.382,0.586,0.356,0.394,0.653,0.396,0.706,0.399,0.391,0.946,0.934,0.407,0.4,0.4,0.674,0.433
0.521,0.444,0.365,0.434,0.452,0.466,0.421,0.451,0.498,0.444,0.436,0.442,0.432,0.431,0.423,0.43,0.419,0.438,0.428,0.42,0.399,0.414,0.422,0.448,0.435,0.437,0.435,0.442,1.0,0.483,0.437,0.448,0.0,0.416,0.415,0.45,0.42,0.446,0.443,0.437,0.437,0.438,0.437,0.442,0.451,0.563,0.442,0.442,0.438,0.823
0.565,0.433,0.378,0.4,0.446,0.435,0.423,0.403,0.593,0.407,0.453,0.404,0.446,0.388,0.4,0.439,0.418,0.446,0.436,0.422,0.411,0.437,0.432,0.442,0.432,0.433,0.429,0.409,0.483,1.0,0.397,0.436,0.0,0.437,0.401,0.422,0.422,0.428,0.398,0.444,0.402,0.443,0.437,0.411,0.41,0.467,0.435,0.435,0.409,0.494
0.395,0.386,0.295,0.7,0.376,0.39,0.348,0.669,0.396,0.709,0.385,0.654,0.384,0.699,0.694,0.357,0.381,0.372,0.379,0.347,0.35,0.371,0.371,0.389,0.393,0.396,0.369,0.682,0.437,0.397,1.0,0.389,0.0,0.362,0.363,0.585,0.348,0.379,0.645,0.386,0.88,0.382,0.379,0.668,0.675,0.399,0.394,0.394,0.653,0.429
0.468,0.596,0.334,0.395,0.664,0.59,0.512,0.397,0.446,0.382,0.65,0.401,0.688,0.388,0.39,0.511,0.607,0.665,0.681,0.513,0.679,0.694,0.704,0.596,0.595,0.594,0.706,0.397,0.448,0.436,0.389,1.0,0.0,0.69,0.561,0.399,0.511,0.719,0.391,0.708,0.384,0.598,0.722,0.401,0.404,0.394,0.624,0.623,0.395,0.422
0.0,0.0,0.0,0.0,0.0,0.0,0.0,0.0,0.0,0.0,0.0,0.0,0.0,0.0,0.0,0.0,0.0,0.0,0.0,0.0,0.0,0.0,0.0,0.0,0.0,0.0,0.0,0.0,0.0,0.0,0.0,0.0,1.0,0.0,0.0,0.0,0.0,0.0,0.0,0.0,0.0,0.0,0.0,0.0,0.0,0.0,0.0,0.0,0.0,0.0
0.451,0.586,0.322,0.371,0.651,0.601,0.483,0.382,0.439,0.37,0.658,0.383,0.739,0.367,0.37,0.499,0.596,0.684,0.694,0.484,0.673,0.867,0.849,0.602,0.586,0.584,0.702,0.378,0.416,0.437,0.362,0.69,0.0,1.0,0.573,0.409,0.482,0.7,0.394,0.71,0.362,0.599,0.719,0.381,0.384,0.383,0.612,0.611,0.376,0.415
0.433,0.733,0.306,0.391,0.561,0.751,0.479,0.385,0.42,0.387,0.611,0.396,0.584,0.386,0.378,0.486,0.672,0.57,0.587,0.479,0.54,0.578,0.562,0.803,0.773,0.683,0.56,0.382,0.415,0.401,0.363,0.561,0.0,0.573,1.0,0.384,0.477,0.571,0.372,0.582,0.371,0.651,0.577,0.372,0.381,0.375,0.636,0.636,0.367,0.405
0.416,0.392,0.316,0.584,0.386,0.414,0.397,0.588,0.419,0.597,0.392,0.582,0.395,0.587,0.587,0.402,0.4,0.419,0.424,0.396,0.39,0.4,0.406,0.407,0.402,0.411,0.394,0.586,0.45,0.422,0.585,0.399,0.0,0.409,0.384,1.0,0.395,0.39,0.616,0.404,0.598,0.394,0.408,0.59,0.597,0.415,0.407,0.407,0.588,0.448
0.43,0.488,0.305,0.359,0.488,0.514,0.986,0.364,0.435,0.355,0.483,0.363,0.482,0.36,0.358,0.951,0.485,0.536,0.515,0.988,0.534,0.501,0.522,0.499,0.498,0.492,0.493,0.356,0.42,0.422,0.348,0.511,0.0,0.482,0.477,0.395,1.0,0.483,0.37,0.483,0.351,0.489,0.499,0.358,0.358,0.391,0.492,0.492,0.366,0.417
0.46,0.613,0.319,0.377,0.673,0.609,0.483,0.403,0.434,0.387,0.669,0.389,0.709,0.378,0.379,0.499,0.585,0.666,0.675,0.483,0.661,0.703,0.709,0.596,0.585,0.595,0.801,0.394,0.446,0.428,0.379,0.719,0.0,0.7,0.571,0.39,0.483,1.0,0.383,0.72,0.386,0.606,0.844,0.396,0.384,0.405,0.631,0.631,0.388,0.432
0.41,0.385,0.305,0.645,0.386,0.411,0.374,0.653,0.404,0.656,0.393,0.655,0.402,0.662,0.669,0.379,0.395,0.4,0.398,0.372,0.371,0.384,0.389,0.394,0.4,0.399,0.378,0.653,0.443,0.398,0.645,0.391,0.0,0.394,0.372,0.616,0.37,0.383,1.0,0.396,0.655,0.385,0.39,0.646,0.657,0.409,0.4,0.4,0.636,0.437
0.459,0.585,0.321,0.391,0.666,0.591,0.483,0.391,0.448,0.403,0.705,0.403,0.756,0.388,0.394,0.499,0.596,0.683,0.692,0.484,0.673,0.726,0.705,0.611,0.593,0.614,0.722,0.396,0.437,0.444,0.386,0.708,0.0,0.71,0.582,0.404,0.483,0.72,0.396,1.0,0.393,0.601,0.738,0.382,0.39,0.39,0.617,0.618,0.384,0.434
0.396,0.391,0.3,0.724,0.382,0.396,0.352,0.671,0.397,0.715,0.392,0.678,0.391,0.719,0.715,0.361,0.387,0.374,0.384,0.351,0.358,0.374,0.373,0.397,0.401,0.402,0.373,0.706,0.437,0.402,0.88,0.384,0.0,0.362,0.371,0.598,0.351,0.386,0.655,0.393,1.0,0.386,0.381,0.687,0.694,0.396,0.393,0.393,0.654,0.434
0.459,0.664,0.334,0.383,0.594,0.68,0.489,0.397,0.451,0.385,0.609,0.381,0.616,0.383,0.377,0.5,0.65,0.61,0.603,0.489,0.555,0.604,0.586,0.688,0.671,0.674,0.592,0.399,0.438,0.443,0.382,0.598,0.0,0.599,0.651,0.394,0.489,0.606,0.385,0.601,0.386,1.0,0.622,0.394,0.397,0.397,0.69,0.69,0.38,0.436
0.452,0.602,0.347,0.39,0.691,0.604,0.5,0.4,0.445,0.388,0.674,0.39,0.716,0.379,0.385,0.514,0.594,0.688,0.692,0.501,0.674,0.718,0.721,0.606,0.593,0.591,0.811,0.391,0.437,0.437,0.379,0.722,0.0,0.719,0.577,0.408,0.499,0.844,0.39,0.738,0.381,0.622,1.0,0.395,0.39,0.41,0.625,0.624,0.394,0.434
0.412,0.429,0.323,0.709,0.391,0.407,0.361,0.882,0.405,0.688,0.383,0.687,0.392,0.692,0.689,0.367,0.396,0.393,0.394,0.361,0.362,0.381,0.384,0.398,0.421,0.422,0.375,0.946,0.442,0.411,0.668,0.401,0.0,0.381,0.372,0.59,0.358,0.396,0.646,0.382,0.687,0.394,0.395,1.0,0.945,0.413,0.402,0.402,0.682,0.434
0.425,0.432,0.314,0.713,0.392,0.417,0.361,0.87,0.404,0.702,0.387,0.699,0.394,0.698,0.693,0.367,0.403,0.393,0.398,0.36,0.36,0.383,0.384,0.407,0.417,0.412,0.374,0.934,0.451,0.41,0.675,0.404,0.0,0.384,0.381,0.597,0.358,0.384,0.657,0.39,0.694,0.397,0.39,0.945,1.0,0.407,0.407,0.407,0.676,0.439
0.456,0.407,0.321,0.4,0.414,0.405,0.393,0.407,0.458,0.41,0.392,0.406,0.387,0.405,0.41,0.393,0.385,0.399,0.392,0.392,0.402,0.38,0.381,0.408,0.401,0.407,0.405,0.407,0.563,0.467,0.399,0.394,0.0,0.383,0.375,0.415,0.391,0.405,0.409,0.39,0.396,0.397,0.41,0.413,0.407,1.0,0.433,0.433,0.415,0.602
0.451,0.673,0.335,0.392,0.629,0.675,0.492,0.401,0.433,0.394,0.602,0.408,0.613,0.39,0.406,0.509,0.663,0.615,0.608,0.491,0.589,0.61,0.612,0.672,0.666,0.673,0.603,0.4,0.442,0.435,0.394,0.624,0.0,0.612,0.636,0.407,0.492,0.631,0.4,0.617,0.393,0.69,0.625,0.402,0.407,0.433,1.0,0.997,0.393,0.446
0.452,0.673,0.336,0.392,0.629,0.675,0.492,0.401,0.434,0.394,0.602,0.408,0.613,0.39,0.406,0.509,0.662,0.614,0.608,0.491,0.589,0.609,0.611,0.672,0.666,0.673,0.602,0.4,0.442,0.435,0.394,0.623,0.0,0.611,0.636,0.407,0.492,0.631,0.4,0.618,0.393,0.69,0.624,0.402,0.407,0.433,0.997,1.0,0.393,0.446
0.411,0.427,0.318,0.657,0.388,0.411,0.368,0.658,0.399,0.66,0.384,0.647,0.393,0.661,0.659,0.38,0.394,0.375,0.383,0.367,0.356,0.379,0.381,0.399,0.421,0.42,0.378,0.674,0.438,0.409,0.653,0.395,0.0,0.376,0.367,0.588,0.366,0.388,0.636,0.384,0.654,0.38,0.394,0.682,0.676,0.415,0.393,0.393,1.0,0.438
0.516,0.435,0.366,0.433,0.428,0.447,0.418,0.436,0.508,0.435,0.433,0.431,0.425,0.428,0.44,0.428,0.417,0.439,0.43,0.417,0.404,0.416,0.416,0.438,0.42,0.425,0.425,0.433,0.823,0.494,0.429,0.422,0.0,0.415,0.405,0.448,0.417,0.432,0.437,0.434,0.434,0.436,0.434,0.434,0.439,0.602,0.446,0.446,0.438,1.0
