GCF_000163235.1_ASM16323v1_genomic.fna,GCF_000164555.1_ASM16455v1_genomic.fna,GCF_000208545.1_ASM20854v2_genomic.fna,GCF_000233875.1_ASM23387v1_genomic.fna,GCF_000249735.1_ASM24973v2_genomic.fna,GCF_000261145.1_Esch_coli_M919_V2_genomic.fna,GCF_000267705.2_ASM26770v2_genomic.fna,GCF_000350665.1_Esch_coli_KTE5_V1_genomic.fna,GCF_000351625.1_Esch_coli_KTE66_V1_genomic.fna,GCF_000352285.1_Esch_coli_KTE46_V1_genomic.fna,GCF_000358895.1_ASM35889v1_genomic.fna,GCF_000456385.1_Esch_coli_HVH_26_4-5703913_V1_genomic.fna,GCF_000458195.1_Esch_coli_HVH_147_4-5893887_V1_genomic.fna,GCF_000459755.1_Esch_coli_KOEGE_58_171a_V1_genomic.fna,GCF_000460055.1_Esch_coli_UMEA_3053-1_V1_genomic.fna,GCF_000462165.2_ASM46216v2_genomic.fna,GCF_000601135.1_ASM60113v1_genomic.fna,GCF_000614595.1_Ec2010EL1058_genomic.fna,GCF_000617745.1_Ec2010C-4529_genomic.fna,GCF_000618265.2_EcF6751_genomic.fna,GCF_000619005.2_Ec2009C-4052_genomic.fna,GCF_000619105.1_Ec2009C-4780_genomic.fna,GCF_000619765.2_Ec2009C-3279_genomic.fna,GCF_000687005.1_ASM68700v1_genomic.fna,GCF_000687025.1_ASM68702v1_genomic.fna,GCF_000700125.1_ASM70012v1_genomic.fna,GCF_000753315.1_FHI35_genomic.fna,GCF_000776375.1_ASM77637v1_genomic.fna,GCF_000779395.1_ASM77939v1_genomic.fna,GCF_000780315.1_ASM78031v1_genomic.fna,GCF_000781995.1_ASM78199v1_genomic.fna,GCF_000986765.1_ASM98676v1_genomic.fna,GCF_001041375.1_ViralProj287958_genomic.fna,GCF_001265335.1_302014_genomic.fna,GCF_001265625.1_100854_genomic.fna,GCF_001267345.1_303289_genomic.fna,GCF_001309985.1_ASM130998v1_genomic.fna,GCF_001521695.1_ASM152169v1_genomic.fna,GCF_001592595.1_ASM159259v1_genomic.fna,GCF_001614975.1_ASM161497v1_genomic.fna,GCF_001692775.1_ASM169277v1_genomic.fna,GCF_001748915.1_ASM174891v1_genomic.fna,GCF_001749235.1_ASM174923v1_genomic.fna,GCF_001881155.1_ASM188115v1_genomic.fna,GCF_001881345.1_ASM188134v1_genomic.fna,GCF_001892405.1_ASM189240v1_genomic.fna,GCF_001892585.1_ASM189258v1_genomic.fna,GCF_001893985.1_ASM189398v1_genomic.fna,GCF_002001595.1_ASM200159v1_genomic.fna,GCF_002002145.1_ASM200214v1_genomic.fna
1.0,0.492,0.402,0.427,0.48,0.461,0.445,0.439,0.568,0.441,0.464,0.445,0.466,0.433,0.418,0.457,0.471,0.47,0.465,0.438,0.449,0.454,0.47,0.466,0.462,0.456,0.464,0.432,0.517,0.558,0.418,0.464,0.0,0.455,0.425,0.417,0.442,0.487,0.424,0.463,0.434,0.457,0.46,0.433,0.444,0.488,0.439,0.439,0.411,0.532
0.492,1.0,0.351,0.415,0.643,0.767,0.521,0.443,0.448,0.418,0.593,0.458,0.605,0.418,0.423,0.538,0.69,0.597,0.598,0.516,0.583,0.583,0.598,0.785,0.782,0.686,0.592,0.43,0.439,0.448,0.413,0.621,0.0,0.591,0.709,0.39,0.518,0.643,0.405,0.6,0.418,0.658,0.605,0.443,0.443,0.408,0.666,0.666,0.412,0.445
0.402,0.351,1.0,0.31,0.338,0.333,0.32,0.328,0.387,0.316,0.331,0.326,0.334,0.319,0.319,0.328,0.357,0.338,0.346,0.315,0.332,0.336,0.339,0.335,0.337,0.33,0.342,0.322,0.383,0.377,0.31,0.34,0.0,0.338,0.303,0.312,0.317,0.345,0.33,0.345,0.315,0.337,0.347,0.328,0.325,0.374,0.335,0.335,0.314,0.398
0.427,0.415,0.31,1.0,0.414,0.405,0.366,0.703,0.432,0.73,0.411,0.71,0.406,0.763,0.78,0.373,0.413,0.395,0.399,0.36,0.388,0.406,0.408,0.403,0.418,0.42,0.405,0.749,0.473,0.418,0.703,0.405,0.0,0.381,0.376,0.624,0.363,0.405,0.663,0.394,0.722,0.4,0.409,0.73,0.73,0.435,0.391,0.391,0.652,0.47
0.48,0.643,0.338,0.414,1.0,0.649,0.521,0.443,0.475,0.425,0.771,0.44,0.702,0.432,0.435,0.539,0.637,0.681,0.686,0.514,0.7,0.677,0.685,0.635,0.638,0.61,0.7,0.426,0.451,0.461,0.422,0.687,0.0,0.67,0.599,0.398,0.517,0.708,0.414,0.715,0.431,0.65,0.718,0.428,0.429,0.418,0.651,0.65,0.409,0.451
0.461,0.767,0.333,0.405,0.649,1.0,0.515,0.43,0.464,0.413,0.608,0.419,0.617,0.427,0.42,0.531,0.697,0.617,0.605,0.509,0.579,0.604,0.61,0.776,0.789,0.674,0.605,0.422,0.459,0.436,0.402,0.603,0.0,0.603,0.726,0.409,0.511,0.618,0.424,0.615,0.407,0.68,0.626,0.416,0.419,0.395,0.681,0.682,0.412,0.443
0.445,0.521,0.32,0.366,0.521,0.515,1.0,0.373,0.436,0.359,0.496,0.392,0.51,0.374,0.372,0.95,0.527,0.548,0.546,0.982,0.553,0.528,0.555,0.518,0.503,0.502,0.53,0.364,0.424,0.42,0.361,0.54,0.0,0.526,0.489,0.37,0.987,0.524,0.387,0.517,0.365,0.517,0.522,0.37,0.373,0.411,0.49,0.49,0.353,0.436
0.439,0.443,0.328,0.703,0.443,0.43,0.373,1.0,0.442,0.706,0.406,0.703,0.416,0.722,0.71,0.382,0.428,0.422,0.431,0.366,0.404,0.41,0.418,0.431,0.423,0.418,0.417,0.892,0.494,0.429,0.71,0.418,0.0,0.404,0.384,0.596,0.369,0.456,0.679,0.423,0.709,0.419,0.424,0.899,0.889,0.455,0.41,0.409,0.65,0.495
0.568,0.448,0.387,0.432,0.475,0.464,0.436,0.442,1.0,0.444,0.471,0.43,0.47,0.445,0.448,0.445,0.484,0.463,0.469,0.428,0.447,0.467,0.462,0.461,0.455,0.447,0.478,0.438,0.52,0.582,0.431,0.448,0.0,0.451,0.417,0.433,0.432,0.468,0.435,0.484,0.431,0.465,0.488,0.432,0.434,0.476,0.457,0.457,0.417,0.544
0.441,0.418,0.316,0.73,0.425,0.413,0.359,0.706,0.444,1.0,0.437,0.67,0.416,0.732,0.709,0.369,0.419,0.396,0.407,0.353,0.386,0.402,0.392,0.42,0.42,0.435,0.415,0.723,0.475,0.424,0.718,0.39,0.0,0.378,0.391,0.627,0.355,0.41,0.673,0.405,0.714,0.41,0.411,0.704,0.712,0.434,0.397,0.397,0.656,0.464
0.464,0.593,0.331,0.411,0.771,0.608,0.496,0.406,0.471,0.437,1.0,0.401,0.74,0.417,0.412,0.513,0.602,0.662,0.654,0.489,0.671,0.688,0.667,0.649,0.626,0.623,0.697,0.408,0.439,0.455,0.402,0.653,0.0,0.643,0.633,0.41,0.492,0.679,0.394,0.725,0.404,0.634,0.707,0.4,0.404,0.394,0.616,0.617,0.398,0.445
0.445,0.458,0.326,0.71,0.44,0.419,0.392,0.703,0.43,0.67,0.401,1.0,0.409,0.72,0.832,0.398,0.432,0.412,0.417,0.387,0.414,0.407,0.42,0.418,0.422,0.422,0.409,0.708,0.468,0.429,0.673,0.436,0.0,0.415,0.374,0.589,0.388,0.435,0.658,0.408,0.7,0.406,0.419,0.718,0.722,0.446,0.415,0.415,0.629,0.466
0.466,0.605,0.334,0.406,0.702,0.617,0.51,0.416,0.47,0.416,0.74,0.409,1.0,0.412,0.417,0.525,0.616,0.708,0.705,0.503,0.718,0.786,0.761,0.645,0.622,0.616,0.756,0.415,0.445,0.469,0.396,0.703,0.0,0.739,0.595,0.41,0.506,0.729,0.397,0.781,0.399,0.649,0.759,0.408,0.409,0.402,0.637,0.638,0.403,0.447
0.433,0.418,0.319,0.763,0.432,0.427,0.374,0.722,0.445,0.732,0.417,0.72,0.412,1.0,0.776,0.384,0.429,0.414,0.413,0.367,0.398,0.418,0.416,0.407,0.416,0.416,0.418,0.764,0.473,0.427,0.735,0.412,0.0,0.391,0.384,0.621,0.37,0.426,0.678,0.413,0.753,0.414,0.424,0.744,0.747,0.446,0.406,0.406,0.672,0.471
0.418,0.423,0.319,0.78,0.435,0.42,0.372,0.71,0.448,0.709,0.412,0.832,0.417,0.776,1.0,0.38,0.427,0.412,0.413,0.367,0.405,0.418,0.421,0.403,0.417,0.418,0.415,0.745,0.475,0.424,0.721,0.415,0.0,0.396,0.379,0.622,0.369,0.427,0.682,0.416,0.738,0.411,0.424,0.732,0.733,0.449,0.421,0.421,0.667,0.495
0.457,0.538,0.328,0.373,0.539,0.531,0.95,0.382,0.445,0.369,0.513,0.398,0.525,0.384,0.38,1.0,0.539,0.55,0.559,0.941,0.553,0.542,0.561,0.53,0.513,0.516,0.541,0.373,0.433,0.434,0.37,0.547,0.0,0.537,0.502,0.377,0.944,0.539,0.394,0.533,0.373,0.535,0.538,0.376,0.38,0.416,0.505,0.505,0.364,0.449
0.471,0.69,0.357,0.413,0.637,0.697,0.527,0.428,0.484,0.419,0.602,0.432,0.616,0.429,0.427,0.539,1.0,0.612,0.605,0.521,0.595,0.614,0.621,0.719,0.711,0.735,0.61,0.427,0.459,0.445,0.406,0.639,0.0,0.604,0.647,0.417,0.524,0.606,0.418,0.612,0.408,0.679,0.625,0.426,0.437,0.41,0.686,0.687,0.406,0.455
0.47,0.597,0.338,0.395,0.681,0.617,0.548,0.422,0.463,0.396,0.662,0.412,0.708,0.414,0.412,0.55,0.612,1.0,0.742,0.54,0.724,0.72,0.74,0.615,0.591,0.591,0.708,0.408,0.429,0.441,0.395,0.688,0.0,0.685,0.564,0.409,0.539,0.683,0.408,0.719,0.396,0.622,0.696,0.412,0.416,0.396,0.609,0.609,0.388,0.439
0.465,0.598,0.346,0.399,0.686,0.605,0.546,0.431,0.469,0.407,0.654,0.417,0.705,0.413,0.413,0.559,0.605,0.742,1.0,0.538,0.726,0.719,0.73,0.606,0.588,0.58,0.707,0.417,0.432,0.447,0.404,0.692,0.0,0.687,0.566,0.409,0.542,0.702,0.427,0.721,0.406,0.635,0.701,0.421,0.425,0.423,0.618,0.618,0.395,0.451
0.438,0.516,0.315,0.36,0.514,0.509,0.982,0.366,0.428,0.353,0.489,0.387,0.503,0.367,0.367,0.941,0.521,0.54,0.538,1.0,0.546,0.52,0.548,0.511,0.5,0.496,0.522,0.358,0.419,0.414,0.356,0.531,0.0,0.518,0.483,0.364,0.99,0.516,0.378,0.509,0.36,0.51,0.514,0.364,0.367,0.405,0.484,0.484,0.349,0.431
0.449,0.583,0.332,0.388,0.7,0.579,0.553,0.404,0.447,0.386,0.671,0.414,0.718,0.398,0.405,0.553,0.595,0.724,0.726,0.546,1.0,0.72,0.75,0.596,0.578,0.582,0.726,0.395,0.417,0.431,0.39,0.711,0.0,0.706,0.544,0.39,0.548,0.707,0.406,0.724,0.399,0.591,0.712,0.402,0.404,0.413,0.611,0.611,0.377,0.438
0.454,0.583,0.336,0.406,0.677,0.604,0.528,0.41,0.467,0.402,0.688,0.407,0.786,0.418,0.418,0.542,0.614,0.72,0.719,0.52,0.72,1.0,0.909,0.615,0.603,0.595,0.75,0.412,0.427,0.454,0.393,0.701,0.0,0.833,0.568,0.401,0.524,0.716,0.399,0.748,0.39,0.631,0.753,0.404,0.404,0.397,0.619,0.62,0.398,0.439
0.47,0.598,0.339,0.408,0.685,0.61,0.555,0.418,0.462,0.392,0.667,0.42,0.761,0.416,0.421,0.561,0.621,0.74,0.73,0.548,0.75,0.909,1.0,0.613,0.595,0.588,0.744,0.412,0.423,0.447,0.4,0.725,0.0,0.848,0.561,0.404,0.548,0.726,0.413,0.732,0.404,0.621,0.734,0.418,0.417,0.402,0.611,0.611,0.395,0.434
0.466,0.785,0.335,0.403,0.635,0.776,0.518,0.431,0.461,0.42,0.649,0.418,0.645,0.407,0.403,0.53,0.719,0.615,0.606,0.511,0.596,0.615,0.613,1.0,0.819,0.734,0.621,0.412,0.448,0.452,0.39,0.606,0.0,0.594,0.776,0.415,0.514,0.604,0.401,0.629,0.392,0.689,0.625,0.408,0.417,0.398,0.685,0.688,0.395,0.446
0.462,0.782,0.337,0.418,0.638,0.789,0.503,0.423,0.455,0.42,0.626,0.422,0.622,0.416,0.417,0.513,0.711,0.591,0.588,0.5,0.578,0.603,0.595,0.819,1.0,0.735,0.603,0.425,0.444,0.436,0.4,0.613,0.0,0.573,0.752,0.402,0.504,0.604,0.404,0.612,0.402,0.667,0.618,0.427,0.423,0.391,0.672,0.673,0.416,0.442
0.456,0.686,0.33,0.42,0.61,0.674,0.502,0.418,0.447,0.435,0.623,0.422,0.616,0.416,0.418,0.516,0.735,0.591,0.58,0.496,0.582,0.595,0.588,0.734,0.735,1.0,0.599,0.423,0.443,0.441,0.401,0.591,0.0,0.563,0.67,0.414,0.5,0.596,0.408,0.606,0.407,0.66,0.597,0.428,0.431,0.397,0.667,0.668,0.412,0.446
0.464,0.592,0.342,0.405,0.7,0.605,0.53,0.417,0.478,0.415,0.697,0.409,0.756,0.418,0.415,0.541,0.61,0.708,0.707,0.522,0.726,0.75,0.744,0.621,0.603,0.599,1.0,0.417,0.446,0.456,0.41,0.721,0.0,0.702,0.569,0.414,0.525,0.802,0.402,0.764,0.414,0.635,0.842,0.416,0.417,0.41,0.624,0.625,0.397,0.451
0.432,0.43,0.322,0.749,0.426,0.422,0.364,0.892,0.438,0.723,0.408,0.708,0.415,0.764,0.745,0.373,0.427,0.408,0.417,0.358,0.395,0.412,0.412,0.412,0.425,0.423,0.417,1.0,0.492,0.428,0.718,0.413,0.0,0.39,0.377,0.612,0.36,0.44,0.673,0.414,0.732,0.417,0.421,0.958,0.941,0.443,0.409,0.409,0.674,0.489
0.517,0.439,0.383,0.473,0.451,0.459,0.424,0.494,0.52,0.475,0.439,0.468,0.445,0.473,0.475,0.433,0.459,0.429,0.432,0.419,0.417,0.427,0.423,0.448,0.444,0.443,0.446,0.492,1.0,0.492,0.453,0.428,0.0,0.419,0.41,0.469,0.422,0.44,0.465,0.437,0.452,0.439,0.447,0.485,0.489,0.57,0.433,0.434,0.45,0.824
0.558,0.448,0.377,0.418,0.461,0.436,0.42,0.429,0.582,0.424,0.455,0.429,0.469,0.427,0.424,0.434,0.445,0.441,0.447,0.414,0.431,0.454,0.447,0.452,0.436,0.441,0.456,0.428,0.492,1.0,0.405,0.434,0.0,0.434,0.412,0.417,0.416,0.449,0.414,0.466,0.412,0.464,0.459,0.424,0.422,0.486,0.45,0.452,0.405,0.517
0.418,0.413,0.31,0.703,0.422,0.402,0.361,0.71,0.431,0.718,0.402,0.673,0.396,0.735,0.721,0.37,0.406,0.395,0.404,0.356,0.39,0.393,0.4,0.39,0.4,0.401,0.41,0.718,0.453,0.405,1.0,0.403,0.0,0.378,0.362,0.591,0.357,0.416,0.667,0.402,0.888,0.402,0.404,0.716,0.716,0.437,0.387,0.387,0.647,0.449
0.464,0.621,0.34,0.405,0.687,0.603,0.54,0.418,0.448,0.39,0.653,0.436,0.703,0.412,0.415,0.547,0.639,0.688,0.692,0.531,0.711,0.701,0.725,0.606,0.613,0.591,0.721,0.413,0.428,0.434,0.403,1.0,0.0,0.7,0.543,0.387,0.536,0.744,0.417,0.725,0.407,0.616,0.731,0.415,0.422,0.41,0.615,0.616,0.386,0.434
0.0,0.0,0.0,0.0,0.0,0.0,0.0,0.0,0.0,0.0,0.0,0.0,0.0,0.0,0.0,0.0,0.0,0.0,0.0,0.0,0.0,0.0,0.0,0.0,0.0,0.0,0.0,0.0,0.0,0.0,0.0,0.0,1.0,0.0,0.0,0.0,0.0,0.0,0.0,0.0,0.0,0.0,0.0,0.0,0.0,0.0,0.0,0.0,0.0,0.0
0.455,0.591,0.338,0.381,0.67,0.603,0.526,0.404,0.451,0.378,0.643,0.415,0.739,0.391,0.396,0.537,0.604,0.685,0.687,0.518,0.706,0.833,0.848,0.594,0.573,0.563,0.702,0.39,0.419,0.434,0.378,0.7,0.0,1.0,0.54,0.404,0.52,0.7,0.422,0.703,0.38,0.597,0.716,0.393,0.402,0.396,0.598,0.598,0.37,0.428
0.425,0.709,0.303,0.376,0.599,0.726,0.489,0.384,0.417,0.391,0.633,0.374,0.595,0.384,0.379,0.502,0.647,0.564,0.566,0.483,0.544,0.568,0.561,0.776,0.752,0.67,0.569,0.377,0.41,0.412,0.362,0.543,0.0,0.54,1.0,0.38,0.485,0.547,0.37,0.585,0.365,0.643,0.58,0.373,0.379,0.365,0.626,0.628,0.368,0.405
0.417,0.39,0.312,0.624,0.398,0.409,0.37,0.596,0.433,0.627,0.41,0.589,0.41,0.621,0.622,0.377,0.417,0.409,0.409,0.364,0.39,0.401,0.404,0.415,0.402,0.414,0.414,0.612,0.469,0.417,0.591,0.387,0.0,0.404,0.38,1.0,0.366,0.389,0.619,0.402,0.592,0.408,0.402,0.597,0.605,0.412,0.392,0.392,0.578,0.467
0.442,0.518,0.317,0.363,0.517,0.511,0.987,0.369,0.432,0.355,0.492,0.388,0.506,0.37,0.369,0.944,0.524,0.539,0.542,0.99,0.548,0.524,0.548,0.514,0.504,0.5,0.525,0.36,0.422,0.416,0.357,0.536,0.0,0.52,0.485,0.366,1.0,0.519,0.382,0.512,0.361,0.514,0.517,0.365,0.368,0.407,0.487,0.487,0.35,0.434
0.487,0.643,0.345,0.405,0.708,0.618,0.524,0.456,0.468,0.41,0.679,0.435,0.729,0.426,0.427,0.539,0.606,0.683,0.702,0.516,0.707,0.716,0.726,0.604,0.604,0.596,0.802,0.44,0.44,0.449,0.416,0.744,0.0,0.7,0.547,0.389,0.519,1.0,0.421,0.739,0.425,0.623,0.839,0.444,0.436,0.421,0.629,0.628,0.407,0.45
0.424,0.405,0.33,0.663,0.414,0.424,0.387,0.679,0.435,0.673,0.394,0.658,0.397,0.678,0.682,0.394,0.418,0.408,0.427,0.378,0.406,0.399,0.413,0.401,0.404,0.408,0.402,0.673,0.465,0.414,0.667,0.417,0.0,0.422,0.37,0.619,0.382,0.421,1.0,0.402,0.667,0.4,0.414,0.675,0.686,0.435,0.403,0.403,0.622,0.468
0.463,0.6,0.345,0.394,0.715,0.615,0.517,0.423,0.484,0.405,0.725,0.408,0.781,0.413,0.416,0.533,0.612,0.719,0.721,0.509,0.724,0.748,0.732,0.629,0.612,0.606,0.764,0.414,0.437,0.466,0.402,0.725,0.0,0.703,0.585,0.402,0.512,0.739,0.402,1.0,0.405,0.644,0.767,0.408,0.413,0.408,0.644,0.644,0.398,0.464
0.434,0.418,0.315,0.722,0.431,0.407,0.365,0.709,0.431,0.714,0.404,0.7,0.399,0.753,0.738,0.373,0.408,0.396,0.406,0.36,0.399,0.39,0.404,0.392,0.402,0.407,0.414,0.732,0.452,0.412,0.888,0.407,0.0,0.38,0.365,0.592,0.361,0.425,0.667,0.405,1.0,0.405,0.407,0.736,0.734,0.44,0.389,0.389,0.645,0.453
0.457,0.658,0.337,0.4,0.65,0.68,0.517,0.419,0.465,0.41,0.634,0.406,0.649,0.414,0.411,0.535,0.679,0.622,0.635,0.51,0.591,0.631,0.621,0.689,0.667,0.66,0.635,0.417,0.439,0.464,0.402,0.616,0.0,0.597,0.643,0.408,0.514,0.623,0.4,0.644,0.405,1.0,0.668,0.413,0.412,0.399,0.705,0.707,0.405,0.444
0.46,0.605,0.347,0.409,0.718,0.626,0.522,0.424,0.488,0.411,0.707,0.419,0.759,0.424,0.424,0.538,0.625,0.696,0.701,0.514,0.712,0.753,0.734,0.625,0.618,0.597,0.842,0.421,0.447,0.459,0.404,0.731,0.0,0.716,0.58,0.402,0.517,0.839,0.414,0.767,0.407,0.668,1.0,0.415,0.415,0.407,0.641,0.643,0.399,0.455
0.433,0.443,0.328,0.73,0.428,0.416,0.37,0.899,0.432,0.704,0.4,0.718,0.408,0.744,0.732,0.376,0.426,0.412,0.421,0.364,0.402,0.404,0.418,0.408,0.427,0.428,0.416,0.958,0.485,0.424,0.716,0.415,0.0,0.393,0.373,0.597,0.365,0.444,0.675,0.408,0.736,0.413,0.415,1.0,0.963,0.448,0.404,0.404,0.665,0.485
0.444,0.443,0.325,0.73,0.429,0.419,0.373,0.889,0.434,0.712,0.404,0.722,0.409,0.747,0.733,0.38,0.437,0.416,0.425,0.367,0.404,0.404,0.417,0.417,0.423,0.431,0.417,0.941,0.489,0.422,0.716,0.422,0.0,0.402,0.379,0.605,0.368,0.436,0.686,0.413,0.734,0.412,0.415,0.963,1.0,0.449,0.414,0.414,0.661,0.488
0.488,0.408,0.374,0.435,0.418,0.395,0.411,0.455,0.476,0.434,0.394,0.446,0.402,0.446,0.449,0.416,0.41,0.396,0.423,0.405,0.413,0.397,0.402,0.398,0.391,0.397,0.41,0.443,0.57,0.486,0.437,0.41,0.0,0.396,0.365,0.412,0.407,0.421,0.435,0.408,0.44,0.399,0.407,0.448,0.449,1.0,0.429,0.429,0.423,0.632
0.439,0.666,0.335,0.391,0.651,0.681,0.49,0.41,0.457,0.397,0.616,0.415,0.637,0.406,0.421,0.505,0.686,0.609,0.618,0.484,0.611,0.619,0.611,0.685,0.672,0.667,0.624,0.409,0.433,0.45,0.387,0.615,0.0,0.598,0.626,0.392,0.487,0.629,0.403,0.644,0.389,0.705,0.641,0.404,0.414,0.429,1.0,0.997,0.393,0.463
0.439,0.666,0.335,0.391,0.65,0.682,0.49,0.409,0.457,0.397,0.617,0.415,0.638,0.406,0.421,0.505,0.687,0.609,0.618,0.484,0.611,0.62,0.611,0.688,0.673,0.668,0.625,0.409,0.434,0.452,0.387,0.616,0.0,0.598,0.628,0.392,0.487,0.628,0.403,0.644,0.389,0.707,0.643,0.404,0.414,0.429,0.997,1.0,0.393,0.463
0.411,0.412,0.314,0.652,0.409,0.412,0.353,0.65,0.417,0.656,0.398,0.629,0.403,0.672,0.667,0.364,0.406,0.388,0.395,0.349,0.377,0.398,0.395,0.395,0.416,0.412,0.397,0.674,0.45,0.405,0.647,0.386,0.0,0.37,0.368,0.578,0.35,0.407,0.622,0.398,0.645,0.405,0.399,0.665,0.661,0.423,0.393,0.393,1.0,0.446
0.532,0.445,0.398,0.47,0.451,0.443,0.436,0.495,0.544,0.464,0.445,0.466,0.447,0.471,0.495,0.449,0.455,0.439,0.451,0.431,0.438,0.439,0.434,0.446,0.442,0.446,0.451,0.489,0.824,0.517,0.449,0.434,0.0,0.428,0.405,0.467,0.434,0.45,0.468,0.464,0.453,0.444,0.455,0.485,0.488,0.632,0.463,0.463,0.446,1.0
