GCF_000163235.1_ASM16323v1_genomic.fna,GCF_000164555.1_ASM16455v1_genomic.fna,GCF_000208545.1_ASM20854v2_genomic.fna,GCF_000233875.1_ASM23387v1_genomic.fna,GCF_000249735.1_ASM24973v2_genomic.fna,GCF_000261145.1_Esch_coli_M919_V2_genomic.fna,GCF_000267705.2_ASM26770v2_genomic.fna,GCF_000350665.1_Esch_coli_KTE5_V1_genomic.fna,GCF_000351625.1_Esch_coli_KTE66_V1_genomic.fna,GCF_000352285.1_Esch_coli_KTE46_V1_genomic.fna,GCF_000358895.1_ASM35889v1_genomic.fna,GCF_000456385.1_Esch_coli_HVH_26_4-5703913_V1_genomic.fna,GCF_000458195.1_Esch_coli_HVH_147_4-5893887_V1_genomic.fna,GCF_000459755.1_Esch_coli_KOEGE_58_171a_V1_genomic.fna,GCF_000460055.1_Esch_coli_UMEA_3053-1_V1_genomic.fna,GCF_000462165.2_ASM46216v2_genomic.fna,GCF_000601135.1_ASM60113v1_genomic.fna,GCF_000614595.1_Ec2010EL1058_genomic.fna,GCF_000617745.1_Ec2010C-4529_genomic.fna,GCF_000618265.2_EcF6751_genomic.fna,GCF_000619005.2_Ec2009C-4052_genomic.fna,GCF_000619105.1_Ec2009C-4780_genomic.fna,GCF_000619765.2_Ec2009C-3279_genomic.fna,GCF_000687005.1_ASM68700v1_genomic.fna,GCF_000687025.1_ASM68702v1_genomic.fna,GCF_000700125.1_ASM70012v1_genomic.fna,GCF_000753315.1_FHI35_genomic.fna,GCF_000776375.1_ASM77637v1_genomic.fna,GCF_000779395.1_ASM77939v1_genomic.fna,GCF_000780315.1_ASM78031v1_genomic.fna,GCF_000781995.1_ASM78199v1_genomic.fna,GCF_000986765.1_ASM98676v1_genomic.fna,GCF_001041375.1_ViralProj287958_genomic.fna,GCF_001265335.1_302014_genomic.fna,GCF_001265625.1_100854_genomic.fna,GCF_001267345.1_303289_genomic.fna,GCF_001309985.1_ASM130998v1_genomic.fna,GCF_001521695.1_ASM152169v1_genomic.fna,GCF_001592595.1_ASM159259v1_genomic.fna,GCF_001614975.1_ASM161497v1_genomic.fna,GCF_001692775.1_ASM169277v1_genomic.fna,GCF_001748915.1_ASM174891v1_genomic.fna,GCF_001749235.1_ASM174923v1_genomic.fna,GCF_001881155.1_ASM188115v1_genomic.fna,GCF_001881345.1_ASM188134v1_genomic.fna,GCF_001892405.1_ASM189240v1_genomic.fna,GCF_001892585.1_ASM189258v1_genomic.fna,GCF_001893985.1_ASM189398v1_genomic.fna,GCF_002001595.1_ASM200159v1_genomic.fna,GCF_002002145.1_ASM200214v1_genomic.fna
1.0,0.573,0.503,0.51,0.563,0.557,0.53,0.518,0.66,0.518,0.535,0.528,0.543,0.511,0.501,0.534,0.554,0.549,0.549,0.531,0.533,0.547,0.564,0.561,0.555,0.539,0.545,0.501,0.563,0.646,0.493,0.561,0.0,0.555,0.537,0.513,0.533,0.557,0.5,0.539,0.511,0.568,0.55,0.503,0.519,0.541,0.554,0.554,0.505,0.585
0.573,1.0,0.444,0.5,0.669,0.792,0.579,0.505,0.532,0.497,0.618,0.522,0.638,0.498,0.493,0.574,0.73,0.642,0.638,0.579,0.622,0.636,0.647,0.791,0.808,0.73,0.648,0.491,0.52,0.54,0.48,0.673,0.0,0.65,0.755,0.483,0.578,0.667,0.494,0.634,0.498,0.733,0.658,0.506,0.505,0.491,0.706,0.705,0.515,0.518
0.503,0.444,1.0,0.41,0.443,0.431,0.429,0.42,0.491,0.412,0.431,0.422,0.428,0.419,0.422,0.43,0.439,0.433,0.427,0.429,0.435,0.438,0.445,0.436,0.436,0.417,0.429,0.408,0.473,0.489,0.399,0.457,0.0,0.444,0.401,0.421,0.429,0.437,0.412,0.427,0.414,0.451,0.45,0.413,0.411,0.435,0.44,0.439,0.417,0.488
0.51,0.5,0.41,1.0,0.506,0.505,0.467,0.74,0.504,0.759,0.484,0.763,0.498,0.803,0.803,0.469,0.511,0.498,0.503,0.462,0.48,0.507,0.514,0.499,0.518,0.49,0.499,0.783,0.533,0.503,0.741,0.517,0.0,0.497,0.477,0.657,0.465,0.503,0.71,0.484,0.773,0.499,0.499,0.756,0.764,0.5,0.48,0.48,0.703,0.545
0.563,0.669,0.443,0.506,1.0,0.692,0.593,0.509,0.543,0.505,0.769,0.512,0.728,0.522,0.518,0.596,0.686,0.697,0.694,0.587,0.717,0.714,0.724,0.682,0.682,0.659,0.72,0.515,0.551,0.553,0.481,0.732,0.0,0.723,0.662,0.484,0.588,0.746,0.512,0.725,0.505,0.693,0.749,0.497,0.51,0.502,0.682,0.682,0.509,0.539
0.557,0.792,0.431,0.505,0.692,1.0,0.603,0.504,0.541,0.497,0.65,0.497,0.66,0.505,0.501,0.607,0.742,0.676,0.667,0.599,0.647,0.663,0.679,0.807,0.827,0.731,0.661,0.5,0.524,0.543,0.473,0.683,0.0,0.684,0.779,0.496,0.599,0.694,0.525,0.651,0.495,0.743,0.693,0.488,0.495,0.481,0.719,0.718,0.506,0.53
0.53,0.579,0.429,0.467,0.593,0.603,1.0,0.47,0.537,0.462,0.588,0.457,0.578,0.468,0.461,0.956,0.595,0.629,0.61,0.98,0.619,0.62,0.64,0.598,0.594,0.576,0.597,0.473,0.503,0.526,0.439,0.595,0.0,0.606,0.582,0.469,0.985,0.584,0.471,0.582,0.452,0.591,0.601,0.456,0.464,0.458,0.573,0.572,0.454,0.522
0.518,0.505,0.42,0.74,0.509,0.504,0.47,1.0,0.495,0.733,0.468,0.755,0.495,0.748,0.734,0.465,0.496,0.497,0.494,0.469,0.472,0.502,0.519,0.499,0.5,0.487,0.495,0.904,0.535,0.499,0.728,0.515,0.0,0.503,0.463,0.657,0.469,0.509,0.718,0.478,0.747,0.511,0.501,0.905,0.903,0.497,0.489,0.488,0.718,0.542
0.66,0.532,0.491,0.504,0.543,0.541,0.537,0.495,1.0,0.495,0.531,0.498,0.533,0.517,0.502,0.535,0.541,0.536,0.527,0.537,0.524,0.54,0.548,0.539,0.532,0.523,0.537,0.49,0.57,0.683,0.489,0.549,0.0,0.539,0.51,0.507,0.536,0.538,0.505,0.54,0.5,0.559,0.549,0.48,0.488,0.522,0.537,0.535,0.501,0.593
0.518,0.497,0.412,0.759,0.505,0.497,0.462,0.733,0.495,1.0,0.504,0.722,0.517,0.754,0.735,0.471,0.498,0.499,0.496,0.46,0.476,0.498,0.498,0.514,0.509,0.505,0.501,0.762,0.544,0.496,0.747,0.497,0.0,0.488,0.487,0.663,0.461,0.505,0.72,0.496,0.766,0.491,0.489,0.734,0.752,0.488,0.476,0.476,0.722,0.532
0.535,0.618,0.431,0.484,0.769,0.65,0.588,0.468,0.531,0.504,1.0,0.472,0.776,0.487,0.484,0.597,0.65,0.724,0.718,0.582,0.693,0.732,0.718,0.69,0.663,0.655,0.723,0.481,0.527,0.54,0.457,0.708,0.0,0.707,0.688,0.474,0.582,0.736,0.478,0.746,0.472,0.662,0.73,0.458,0.468,0.459,0.635,0.635,0.47,0.518
0.528,0.522,0.422,0.763,0.512,0.497,0.457,0.755,0.498,0.722,0.472,1.0,0.494,0.761,0.852,0.458,0.506,0.485,0.486,0.457,0.48,0.497,0.502,0.499,0.509,0.491,0.486,0.753,0.543,0.507,0.717,0.513,0.0,0.491,0.469,0.657,0.456,0.5,0.723,0.478,0.752,0.503,0.501,0.755,0.769,0.509,0.498,0.499,0.701,0.542
0.543,0.638,0.428,0.498,0.728,0.66,0.578,0.495,0.533,0.517,0.776,0.494,1.0,0.494,0.496,0.584,0.662,0.746,0.757,0.571,0.741,0.798,0.787,0.708,0.672,0.664,0.771,0.497,0.533,0.543,0.474,0.742,0.0,0.769,0.685,0.487,0.573,0.774,0.491,0.796,0.485,0.669,0.772,0.477,0.484,0.475,0.654,0.653,0.483,0.523
0.511,0.498,0.419,0.803,0.522,0.505,0.468,0.748,0.517,0.754,0.487,0.761,0.494,1.0,0.808,0.468,0.504,0.499,0.497,0.465,0.482,0.511,0.518,0.49,0.509,0.495,0.505,0.782,0.551,0.509,0.743,0.519,0.0,0.504,0.47,0.667,0.466,0.509,0.721,0.49,0.775,0.504,0.507,0.758,0.766,0.5,0.484,0.483,0.723,0.558
0.501,0.493,0.422,0.803,0.518,0.501,0.461,0.734,0.502,0.735,0.484,0.852,0.496,0.808,1.0,0.461,0.511,0.491,0.49,0.456,0.483,0.504,0.515,0.493,0.506,0.488,0.496,0.77,0.539,0.498,0.74,0.512,0.0,0.5,0.476,0.664,0.459,0.508,0.724,0.484,0.767,0.494,0.508,0.743,0.751,0.501,0.487,0.486,0.711,0.563
0.534,0.574,0.43,0.469,0.596,0.607,0.956,0.465,0.535,0.471,0.597,0.458,0.584,0.468,0.461,1.0,0.592,0.625,0.612,0.95,0.6,0.628,0.633,0.599,0.599,0.58,0.592,0.473,0.507,0.528,0.438,0.592,0.0,0.6,0.579,0.473,0.95,0.591,0.474,0.585,0.454,0.595,0.599,0.456,0.462,0.463,0.571,0.57,0.46,0.522
0.554,0.73,0.439,0.511,0.686,0.742,0.595,0.496,0.541,0.498,0.65,0.506,0.662,0.504,0.511,0.592,1.0,0.669,0.662,0.59,0.648,0.681,0.682,0.757,0.758,0.752,0.665,0.503,0.532,0.532,0.469,0.721,0.0,0.681,0.716,0.494,0.589,0.679,0.509,0.656,0.483,0.716,0.685,0.487,0.498,0.466,0.71,0.708,0.496,0.529
0.549,0.642,0.433,0.498,0.697,0.676,0.629,0.497,0.536,0.499,0.724,0.485,0.746,0.499,0.491,0.625,0.669,1.0,0.78,0.626,0.744,0.786,0.767,0.684,0.682,0.664,0.747,0.494,0.53,0.549,0.475,0.726,0.0,0.73,0.662,0.503,0.623,0.727,0.499,0.756,0.487,0.681,0.735,0.479,0.487,0.477,0.662,0.66,0.484,0.535
0.549,0.638,0.427,0.503,0.694,0.667,0.61,0.494,0.527,0.496,0.718,0.486,0.757,0.497,0.49,0.612,0.662,0.78,1.0,0.606,0.748,0.776,0.765,0.677,0.678,0.655,0.741,0.498,0.527,0.536,0.468,0.723,0.0,0.72,0.655,0.49,0.605,0.738,0.502,0.743,0.484,0.672,0.731,0.48,0.488,0.462,0.644,0.642,0.487,0.529
0.531,0.579,0.429,0.462,0.587,0.599,0.98,0.469,0.537,0.46,0.582,0.457,0.571,0.465,0.456,0.95,0.59,0.626,0.606,1.0,0.616,0.618,0.639,0.591,0.595,0.575,0.592,0.468,0.498,0.528,0.439,0.596,0.0,0.599,0.573,0.471,0.988,0.58,0.471,0.578,0.452,0.592,0.596,0.456,0.465,0.461,0.574,0.573,0.456,0.518
0.533,0.622,0.435,0.48,0.717,0.647,0.619,0.472,0.524,0.476,0.693,0.48,0.741,0.482,0.483,0.6,0.648,0.744,0.748,0.616,1.0,0.76,0.782,0.653,0.635,0.634,0.722,0.481,0.505,0.534,0.455,0.732,0.0,0.749,0.628,0.483,0.615,0.719,0.493,0.731,0.476,0.65,0.728,0.465,0.474,0.487,0.651,0.649,0.476,0.532
0.547,0.636,0.438,0.507,0.714,0.663,0.62,0.502,0.54,0.498,0.732,0.497,0.798,0.511,0.504,0.628,0.681,0.786,0.776,0.618,0.76,1.0,0.925,0.677,0.67,0.656,0.76,0.511,0.519,0.545,0.472,0.755,0.0,0.869,0.65,0.496,0.616,0.757,0.508,0.781,0.488,0.669,0.77,0.493,0.498,0.47,0.654,0.652,0.487,0.524
0.564,0.647,0.445,0.514,0.724,0.679,0.64,0.519,0.548,0.498,0.718,0.502,0.787,0.518,0.515,0.633,0.682,0.767,0.765,0.639,0.782,0.925,1.0,0.676,0.668,0.655,0.759,0.523,0.524,0.553,0.478,0.778,0.0,0.87,0.647,0.503,0.635,0.755,0.51,0.764,0.498,0.678,0.769,0.504,0.507,0.478,0.659,0.657,0.501,0.534
0.561,0.791,0.436,0.499,0.682,0.807,0.598,0.499,0.539,0.514,0.69,0.499,0.708,0.49,0.493,0.599,0.757,0.684,0.677,0.591,0.653,0.677,0.676,1.0,0.839,0.763,0.675,0.492,0.528,0.55,0.463,0.676,0.0,0.663,0.831,0.481,0.592,0.69,0.486,0.675,0.483,0.735,0.681,0.472,0.482,0.476,0.698,0.696,0.486,0.526
0.555,0.808,0.436,0.518,0.682,0.827,0.594,0.5,0.532,0.509,0.663,0.509,0.672,0.509,0.506,0.599,0.758,0.682,0.678,0.595,0.635,0.67,0.668,0.839,1.0,0.779,0.672,0.506,0.528,0.534,0.475,0.687,0.0,0.656,0.807,0.484,0.595,0.691,0.506,0.659,0.493,0.723,0.685,0.506,0.503,0.484,0.701,0.7,0.516,0.519
0.539,0.73,0.417,0.49,0.659,0.731,0.576,0.487,0.523,0.505,0.655,0.491,0.664,0.495,0.488,0.58,0.752,0.664,0.655,0.575,0.634,0.656,0.655,0.763,0.779,1.0,0.661,0.487,0.523,0.526,0.464,0.668,0.0,0.643,0.721,0.474,0.575,0.675,0.494,0.661,0.48,0.704,0.658,0.487,0.483,0.47,0.689,0.687,0.501,0.518
0.545,0.648,0.429,0.499,0.72,0.661,0.597,0.495,0.537,0.501,0.723,0.486,0.771,0.505,0.496,0.592,0.665,0.747,0.741,0.592,0.722,0.76,0.759,0.675,0.672,0.661,1.0,0.497,0.525,0.536,0.475,0.757,0.0,0.733,0.642,0.49,0.592,0.832,0.49,0.776,0.487,0.677,0.834,0.486,0.49,0.483,0.648,0.646,0.49,0.524
0.501,0.491,0.408,0.783,0.515,0.5,0.473,0.904,0.49,0.762,0.481,0.753,0.497,0.782,0.77,0.473,0.503,0.494,0.498,0.468,0.481,0.511,0.523,0.492,0.506,0.487,0.497,1.0,0.545,0.499,0.729,0.513,0.0,0.502,0.465,0.659,0.471,0.506,0.715,0.486,0.763,0.496,0.495,0.95,0.941,0.489,0.484,0.483,0.729,0.546
0.563,0.52,0.473,0.533,0.551,0.524,0.503,0.535,0.57,0.544,0.527,0.543,0.533,0.551,0.539,0.507,0.532,0.53,0.527,0.498,0.505,0.519,0.524,0.528,0.528,0.523,0.525,0.545,1.0,0.562,0.512,0.531,0.0,0.519,0.502,0.518,0.501,0.538,0.522,0.533,0.522,0.529,0.521,0.527,0.536,0.578,0.506,0.507,0.527,0.823
0.646,0.54,0.489,0.503,0.553,0.543,0.526,0.499,0.683,0.496,0.54,0.507,0.543,0.509,0.498,0.528,0.532,0.549,0.536,0.528,0.534,0.545,0.553,0.55,0.534,0.526,0.536,0.499,0.562,1.0,0.486,0.548,0.0,0.539,0.522,0.496,0.525,0.535,0.499,0.551,0.508,0.559,0.546,0.485,0.49,0.544,0.54,0.538,0.487,0.597
0.493,0.48,0.399,0.741,0.481,0.473,0.439,0.728,0.489,0.747,0.457,0.717,0.474,0.743,0.74,0.438,0.469,0.475,0.468,0.439,0.455,0.472,0.478,0.463,0.475,0.464,0.475,0.729,0.512,0.486,1.0,0.49,0.0,0.473,0.444,0.65,0.438,0.47,0.705,0.46,0.893,0.481,0.467,0.734,0.735,0.506,0.477,0.477,0.704,0.522
0.561,0.673,0.457,0.517,0.732,0.683,0.595,0.515,0.549,0.497,0.708,0.513,0.742,0.519,0.512,0.592,0.721,0.726,0.723,0.596,0.732,0.755,0.778,0.676,0.687,0.668,0.757,0.513,0.531,0.548,0.49,1.0,0.0,0.767,0.649,0.496,0.594,0.775,0.513,0.752,0.502,0.705,0.784,0.504,0.511,0.491,0.683,0.682,0.507,0.536
0.0,0.0,0.0,0.0,0.0,0.0,0.0,0.0,0.0,0.0,0.0,0.0,0.0,0.0,0.0,0.0,0.0,0.0,0.0,0.0,0.0,0.0,0.0,0.0,0.0,0.0,0.0,0.0,0.0,0.0,0.0,0.0,1.0,0.0,0.0,0.0,0.0,0.0,0.0,0.0,0.0,0.0,0.0,0.0,0.0,0.0,0.0,0.0,0.0,0.0
0.555,0.65,0.444,0.497,0.723,0.684,0.606,0.503,0.539,0.488,0.707,0.491,0.769,0.504,0.5,0.6,0.681,0.73,0.72,0.599,0.749,0.869,0.87,0.663,0.656,0.643,0.733,0.502,0.519,0.539,0.473,0.767,0.0,1.0,0.638,0.5,0.603,0.743,0.51,0.749,0.488,0.674,0.77,0.488,0.497,0.475,0.659,0.657,0.488,0.527
0.537,0.755,0.401,0.477,0.662,0.779,0.582,0.463,0.51,0.487,0.688,0.469,0.685,0.47,0.476,0.579,0.716,0.662,0.655,0.573,0.628,0.65,0.647,0.831,0.807,0.721,0.642,0.465,0.502,0.522,0.444,0.649,0.0,0.638,1.0,0.455,0.575,0.655,0.472,0.648,0.456,0.701,0.666,0.448,0.462,0.451,0.671,0.669,0.467,0.497
0.513,0.483,0.421,0.657,0.484,0.496,0.469,0.657,0.507,0.663,0.474,0.657,0.487,0.667,0.664,0.473,0.494,0.503,0.49,0.471,0.483,0.496,0.503,0.481,0.484,0.474,0.49,0.659,0.518,0.496,0.65,0.496,0.0,0.5,0.455,1.0,0.468,0.475,0.698,0.479,0.675,0.505,0.479,0.652,0.663,0.486,0.48,0.478,0.665,0.534
0.533,0.578,0.429,0.465,0.588,0.599,0.985,0.469,0.536,0.461,0.582,0.456,0.573,0.466,0.459,0.95,0.589,0.623,0.605,0.988,0.615,0.616,0.635,0.592,0.595,0.575,0.592,0.471,0.501,0.525,0.438,0.594,0.0,0.603,0.575,0.468,1.0,0.578,0.47,0.578,0.451,0.59,0.595,0.456,0.464,0.459,0.573,0.572,0.454,0.519
0.557,0.667,0.437,0.503,0.746,0.694,0.584,0.509,0.538,0.505,0.736,0.5,0.774,0.509,0.508,0.591,0.679,0.727,0.738,0.58,0.719,0.757,0.755,0.69,0.691,0.675,0.832,0.506,0.538,0.535,0.47,0.775,0.0,0.743,0.655,0.475,0.578,1.0,0.51,0.78,0.488,0.685,0.859,0.495,0.491,0.486,0.664,0.665,0.496,0.53
0.5,0.494,0.412,0.71,0.512,0.525,0.471,0.718,0.505,0.72,0.478,0.723,0.491,0.721,0.724,0.474,0.509,0.499,0.502,0.471,0.493,0.508,0.51,0.486,0.506,0.494,0.49,0.715,0.522,0.499,0.705,0.513,0.0,0.51,0.472,0.698,0.47,0.51,1.0,0.486,0.728,0.509,0.503,0.713,0.724,0.498,0.503,0.502,0.703,0.53
0.539,0.634,0.427,0.484,0.725,0.651,0.582,0.478,0.54,0.496,0.746,0.478,0.796,0.49,0.484,0.585,0.656,0.756,0.743,0.578,0.731,0.781,0.764,0.675,0.659,0.661,0.776,0.486,0.533,0.551,0.46,0.752,0.0,0.749,0.648,0.479,0.578,0.78,0.486,1.0,0.473,0.662,0.785,0.466,0.477,0.486,0.66,0.659,0.472,0.534
0.511,0.498,0.414,0.773,0.505,0.495,0.452,0.747,0.5,0.766,0.472,0.752,0.485,0.775,0.767,0.454,0.483,0.487,0.484,0.452,0.476,0.488,0.498,0.483,0.493,0.48,0.487,0.763,0.522,0.508,0.893,0.502,0.0,0.488,0.456,0.675,0.451,0.488,0.728,0.473,1.0,0.503,0.481,0.759,0.768,0.504,0.483,0.483,0.729,0.534
0.568,0.733,0.451,0.499,0.693,0.743,0.591,0.511,0.559,0.491,0.662,0.503,0.669,0.504,0.494,0.595,0.716,0.681,0.672,0.592,0.65,0.669,0.678,0.735,0.723,0.704,0.677,0.496,0.529,0.559,0.481,0.705,0.0,0.674,0.701,0.505,0.59,0.685,0.509,0.662,0.503,1.0,0.705,0.493,0.497,0.491,0.762,0.76,0.51,0.539
0.55,0.658,0.45,0.499,0.749,0.693,0.601,0.501,0.549,0.489,0.73,0.501,0.772,0.507,0.508,0.599,0.685,0.735,0.731,0.596,0.728,0.77,0.769,0.681,0.685,0.658,0.834,0.495,0.521,0.546,0.467,0.784,0.0,0.77,0.666,0.479,0.595,0.859,0.503,0.785,0.481,0.705,1.0,0.481,0.489,0.493,0.676,0.675,0.486,0.529
0.503,0.506,0.413,0.756,0.497,0.488,0.456,0.905,0.48,0.734,0.458,0.755,0.477,0.758,0.743,0.456,0.487,0.479,0.48,0.456,0.465,0.493,0.504,0.472,0.506,0.487,0.486,0.95,0.527,0.485,0.734,0.504,0.0,0.488,0.448,0.652,0.456,0.495,0.713,0.466,0.759,0.493,0.481,1.0,0.958,0.502,0.491,0.49,0.734,0.528
0.519,0.505,0.411,0.764,0.51,0.495,0.464,0.903,0.488,0.752,0.468,0.769,0.484,0.766,0.751,0.462,0.498,0.487,0.488,0.465,0.474,0.498,0.507,0.482,0.503,0.483,0.49,0.941,0.536,0.49,0.735,0.511,0.0,0.497,0.462,0.663,0.464,0.491,0.724,0.477,0.768,0.497,0.489,0.958,1.0,0.499,0.493,0.493,0.728,0.534
0.541,0.491,0.435,0.5,0.502,0.481,0.458,0.497,0.522,0.488,0.459,0.509,0.475,0.5,0.501,0.463,0.466,0.477,0.462,0.461,0.487,0.47,0.478,0.476,0.484,0.47,0.483,0.489,0.578,0.544,0.506,0.491,0.0,0.475,0.451,0.486,0.459,0.486,0.498,0.486,0.504,0.491,0.493,0.502,0.499,1.0,0.535,0.536,0.505,0.651
0.554,0.706,0.44,0.48,0.682,0.719,0.573,0.489,0.537,0.476,0.635,0.498,0.654,0.484,0.487,0.571,0.71,0.662,0.644,0.574,0.651,0.654,0.659,0.698,0.701,0.689,0.648,0.484,0.506,0.54,0.477,0.683,0.0,0.659,0.671,0.48,0.573,0.664,0.503,0.66,0.483,0.762,0.676,0.491,0.493,0.535,1.0,0.996,0.494,0.531
0.554,0.705,0.439,0.48,0.682,0.718,0.572,0.488,0.535,0.476,0.635,0.499,0.653,0.483,0.486,0.57,0.708,0.66,0.642,0.573,0.649,0.652,0.657,0.696,0.7,0.687,0.646,0.483,0.507,0.538,0.477,0.682,0.0,0.657,0.669,0.478,0.572,0.665,0.502,0.659,0.483,0.76,0.675,0.49,0.493,0.536,0.996,1.0,0.493,0.53
0.505,0.515,0.417,0.703,0.509,0.506,0.454,0.718,0.501,0.722,0.47,0.701,0.483,0.723,0.711,0.46,0.496,0.484,0.487,0.456,0.476,0.487,0.501,0.486,0.516,0.501,0.49,0.729,0.527,0.487,0.704,0.507,0.0,0.488,0.467,0.665,0.454,0.496,0.703,0.472,0.729,0.51,0.486,0.734,0.728,0.505,0.494,0.493,1.0,0.53
0.585,0.518,0.488,0.545,0.539,0.53,0.522,0.542,0.593,0.532,0.518,0.542,0.523,0.558,0.563,0.522,0.529,0.535,0.529,0.518,0.532,0.524,0.534,0.526,0.519,0.518,0.524,0.546,0.823,0.597,0.522,0.536,0.0,0.527,0.497,0.534,0.519,0.53,0.53,0.534,0.534,0.539,0.529,0.528,0.534,0.651,0.531,0.53,0.53,1.0
