GCF_000163235.1_ASM16323v1_genomic.fna,GCF_000164555.1_ASM16455v1_genomic.fna,GCF_000208545.1_ASM20854v2_genomic.fna,GCF_000233875.1_ASM23387v1_genomic.fna,GCF_000249735.1_ASM24973v2_genomic.fna,GCF_000261145.1_Esch_coli_M919_V2_genomic.fna,GCF_000267705.2_ASM26770v2_genomic.fna,GCF_000350665.1_Esch_coli_KTE5_V1_genomic.fna,GCF_000351625.1_Esch_coli_KTE66_V1_genomic.fna,GCF_000352285.1_Esch_coli_KTE46_V1_genomic.fna,GCF_000358895.1_ASM35889v1_genomic.fna,GCF_000456385.1_Esch_coli_HVH_26_4-5703913_V1_genomic.fna,GCF_000458195.1_Esch_coli_HVH_147_4-5893887_V1_genomic.fna,GCF_000459755.1_Esch_coli_KOEGE_58_171a_V1_genomic.fna,GCF_000460055.1_Esch_coli_UMEA_3053-1_V1_genomic.fna,GCF_000462165.2_ASM46216v2_genomic.fna,GCF_000601135.1_ASM60113v1_genomic.fna,GCF_000614595.1_Ec2010EL1058_genomic.fna,GCF_000617745.1_Ec2010C-4529_genomic.fna,GCF_000618265.2_EcF6751_genomic.fna,GCF_000619005.2_Ec2009C-4052_genomic.fna,GCF_000619105.1_Ec2009C-4780_genomic.fna,GCF_000619765.2_Ec2009C-3279_genomic.fna,GCF_000687005.1_ASM68700v1_genomic.fna,GCF_000687025.1_ASM68702v1_genomic.fna,GCF_000700125.1_ASM70012v1_genomic.fna,GCF_000753315.1_FHI35_genomic.fna,GCF_000776375.1_ASM77637v1_genomic.fna,GCF_000779395.1_ASM77939v1_genomic.fna,GCF_000780315.1_ASM78031v1_genomic.fna,GCF_000781995.1_ASM78199v1_genomic.fna,GCF_000986765.1_ASM98676v1_genomic.fna,GCF_001041375.1_ViralProj287958_genomic.fna,GCF_001265335.1_302014_genomic.fna,GCF_001265625.1_100854_genomic.fna,GCF_001267345.1_303289_genomic.fna,GCF_001309985.1_ASM130998v1_genomic.fna,GCF_001521695.1_ASM152169v1_genomic.fna,GCF_001592595.1_ASM159259v1_genomic.fna,GCF_001614975.1_ASM161497v1_genomic.fna,GCF_001692775.1_ASM169277v1_genomic.fna,GCF_001748915.1_ASM174891v1_genomic.fna,GCF_001749235.1_ASM174923v1_genomic.fna,GCF_001881155.1_ASM188115v1_genomic.fna,GCF_001881345.1_ASM188134v1_genomic.fna,GCF_001892405.1_ASM189240v1_genomic.fna,GCF_001892585.1_ASM189258v1_genomic.fna,GCF_001893985.1_ASM189398v1_genomic.fna,GCF_002001595.1_ASM200159v1_genomic.fna,GCF_002002145.1_ASM200214v1_genomic.fna
1.0,0.49,0.395,0.415,0.482,0.475,0.447,0.425,0.587,0.428,0.471,0.433,0.474,0.408,0.416,0.446,0.479,0.466,0.465,0.447,0.466,0.471,0.485,0.49,0.468,0.474,0.472,0.427,0.513,0.57,0.401,0.477,0.0,0.467,0.444,0.405,0.446,0.488,0.404,0.468,0.414,0.469,0.479,0.417,0.429,0.455,0.456,0.457,0.392,0.502
0.49,1.0,0.366,0.418,0.617,0.798,0.514,0.424,0.448,0.41,0.577,0.425,0.59,0.384,0.403,0.515,0.712,0.609,0.6,0.513,0.578,0.6,0.613,0.8,0.807,0.71,0.589,0.409,0.451,0.455,0.403,0.639,0.0,0.604,0.743,0.385,0.512,0.629,0.403,0.596,0.408,0.68,0.619,0.428,0.428,0.418,0.671,0.671,0.404,0.447
0.395,0.366,1.0,0.303,0.346,0.359,0.326,0.306,0.373,0.296,0.338,0.315,0.351,0.29,0.305,0.328,0.35,0.351,0.345,0.326,0.338,0.35,0.362,0.352,0.351,0.343,0.337,0.302,0.369,0.39,0.302,0.35,0.0,0.358,0.328,0.311,0.325,0.353,0.309,0.342,0.316,0.346,0.352,0.307,0.304,0.33,0.361,0.362,0.303,0.371
0.415,0.418,0.303,1.0,0.415,0.409,0.399,0.69,0.415,0.713,0.39,0.704,0.402,0.753,0.747,0.397,0.405,0.417,0.391,0.396,0.389,0.413,0.418,0.424,0.409,0.408,0.404,0.743,0.464,0.405,0.694,0.41,0.0,0.406,0.399,0.606,0.397,0.421,0.673,0.403,0.719,0.404,0.412,0.715,0.719,0.431,0.396,0.397,0.674,0.456
0.482,0.617,0.346,0.415,1.0,0.637,0.516,0.4,0.46,0.415,0.76,0.414,0.709,0.416,0.403,0.536,0.644,0.668,0.664,0.513,0.67,0.684,0.674,0.636,0.615,0.631,0.708,0.406,0.486,0.473,0.394,0.682,0.0,0.678,0.609,0.389,0.517,0.716,0.405,0.708,0.407,0.632,0.701,0.391,0.396,0.403,0.66,0.661,0.395,0.462
0.475,0.798,0.359,0.409,0.637,1.0,0.525,0.417,0.456,0.397,0.593,0.405,0.607,0.391,0.395,0.527,0.702,0.619,0.611,0.526,0.589,0.616,0.633,0.804,0.812,0.711,0.595,0.401,0.46,0.453,0.391,0.625,0.0,0.621,0.77,0.397,0.523,0.627,0.42,0.608,0.401,0.687,0.616,0.402,0.399,0.413,0.694,0.694,0.4,0.457
0.447,0.514,0.326,0.399,0.516,0.525,1.0,0.374,0.448,0.369,0.501,0.381,0.524,0.376,0.37,0.948,0.521,0.55,0.555,0.989,0.556,0.553,0.564,0.533,0.521,0.503,0.523,0.375,0.435,0.445,0.368,0.534,0.0,0.534,0.51,0.392,0.991,0.513,0.379,0.522,0.372,0.518,0.527,0.36,0.365,0.377,0.51,0.51,0.358,0.428
0.425,0.424,0.306,0.69,0.4,0.417,0.374,1.0,0.4,0.678,0.367,0.679,0.383,0.682,0.677,0.374,0.397,0.398,0.386,0.375,0.376,0.396,0.407,0.412,0.402,0.393,0.386,0.896,0.459,0.398,0.699,0.409,0.0,0.396,0.371,0.581,0.373,0.417,0.653,0.392,0.702,0.388,0.402,0.906,0.89,0.422,0.381,0.382,0.653,0.45
0.587,0.448,0.373,0.415,0.46,0.456,0.448,0.4,1.0,0.409,0.454,0.409,0.458,0.41,0.402,0.45,0.458,0.459,0.45,0.444,0.45,0.46,0.46,0.469,0.445,0.453,0.462,0.415,0.504,0.585,0.401,0.451,0.0,0.463,0.439,0.422,0.448,0.463,0.401,0.448,0.408,0.468,0.456,0.399,0.399,0.448,0.462,0.463,0.401,0.506
0.428,0.41,0.296,0.713,0.415,0.397,0.369,0.678,0.409,1.0,0.394,0.674,0.409,0.732,0.686,0.38,0.396,0.39,0.372,0.366,0.37,0.388,0.38,0.404,0.391,0.402,0.411,0.714,0.463,0.408,0.715,0.381,0.0,0.381,0.396,0.593,0.369,0.413,0.669,0.402,0.72,0.384,0.385,0.684,0.697,0.41,0.389,0.391,0.651,0.444
0.471,0.577,0.338,0.39,0.76,0.593,0.501,0.367,0.454,0.394,1.0,0.378,0.741,0.396,0.37,0.515,0.607,0.674,0.649,0.498,0.663,0.692,0.677,0.616,0.576,0.61,0.715,0.377,0.438,0.465,0.371,0.648,0.0,0.674,0.619,0.383,0.502,0.697,0.377,0.724,0.376,0.615,0.694,0.363,0.368,0.383,0.626,0.627,0.368,0.431
0.433,0.425,0.315,0.704,0.414,0.405,0.381,0.679,0.409,0.674,0.378,1.0,0.391,0.7,0.858,0.379,0.405,0.398,0.377,0.381,0.388,0.397,0.408,0.407,0.397,0.4,0.396,0.691,0.465,0.411,0.67,0.408,0.0,0.4,0.385,0.577,0.38,0.418,0.673,0.394,0.69,0.395,0.415,0.686,0.695,0.426,0.399,0.4,0.635,0.46
0.474,0.59,0.351,0.402,0.709,0.607,0.524,0.383,0.458,0.409,0.741,0.391,1.0,0.406,0.38,0.535,0.612,0.702,0.706,0.52,0.709,0.779,0.765,0.626,0.591,0.607,0.774,0.398,0.458,0.479,0.382,0.697,0.0,0.759,0.615,0.395,0.525,0.732,0.391,0.767,0.387,0.618,0.731,0.377,0.381,0.389,0.629,0.63,0.381,0.448
0.408,0.384,0.29,0.753,0.416,0.391,0.376,0.682,0.41,0.732,0.396,0.7,0.406,1.0,0.735,0.383,0.388,0.41,0.374,0.373,0.369,0.395,0.391,0.398,0.388,0.39,0.416,0.735,0.479,0.4,0.698,0.389,0.0,0.386,0.394,0.61,0.375,0.418,0.67,0.403,0.716,0.384,0.4,0.699,0.703,0.42,0.387,0.389,0.667,0.462
0.416,0.403,0.305,0.747,0.403,0.395,0.37,0.677,0.402,0.686,0.37,0.858,0.38,0.735,1.0,0.369,0.404,0.394,0.368,0.37,0.373,0.393,0.404,0.393,0.385,0.394,0.388,0.7,0.455,0.398,0.701,0.396,0.0,0.391,0.374,0.59,0.37,0.405,0.681,0.386,0.718,0.385,0.4,0.695,0.699,0.421,0.391,0.392,0.648,0.465
0.446,0.515,0.328,0.397,0.536,0.527,0.948,0.374,0.45,0.38,0.515,0.379,0.535,0.383,0.369,1.0,0.522,0.547,0.544,0.941,0.536,0.555,0.555,0.538,0.518,0.507,0.53,0.377,0.446,0.457,0.367,0.523,0.0,0.531,0.523,0.393,0.947,0.531,0.381,0.535,0.376,0.519,0.522,0.361,0.364,0.377,0.52,0.521,0.362,0.425
0.479,0.712,0.35,0.405,0.644,0.702,0.521,0.397,0.458,0.396,0.607,0.405,0.612,0.388,0.404,0.522,1.0,0.606,0.606,0.522,0.608,0.622,0.627,0.734,0.725,0.746,0.602,0.401,0.458,0.456,0.386,0.641,0.0,0.629,0.679,0.4,0.521,0.61,0.396,0.607,0.396,0.676,0.629,0.397,0.4,0.394,0.684,0.684,0.389,0.455
0.466,0.609,0.351,0.417,0.668,0.619,0.55,0.398,0.459,0.39,0.674,0.398,0.702,0.41,0.394,0.547,0.606,1.0,0.751,0.547,0.727,0.735,0.725,0.643,0.609,0.613,0.707,0.406,0.458,0.471,0.388,0.684,0.0,0.694,0.599,0.417,0.547,0.694,0.409,0.704,0.392,0.635,0.706,0.386,0.393,0.395,0.646,0.646,0.383,0.46
0.465,0.6,0.345,0.391,0.664,0.611,0.555,0.386,0.45,0.372,0.649,0.377,0.706,0.374,0.368,0.544,0.606,0.751,1.0,0.556,0.734,0.74,0.733,0.625,0.601,0.597,0.695,0.386,0.441,0.458,0.374,0.7,0.0,0.696,0.584,0.39,0.551,0.681,0.391,0.693,0.382,0.618,0.708,0.376,0.377,0.387,0.617,0.617,0.375,0.448
0.447,0.513,0.326,0.396,0.513,0.526,0.989,0.375,0.444,0.366,0.498,0.381,0.52,0.373,0.37,0.941,0.522,0.547,0.556,1.0,0.557,0.551,0.562,0.53,0.524,0.502,0.519,0.372,0.431,0.442,0.368,0.534,0.0,0.531,0.509,0.391,0.987,0.509,0.379,0.518,0.372,0.518,0.524,0.36,0.365,0.377,0.508,0.508,0.357,0.428
0.466,0.578,0.338,0.389,0.67,0.589,0.556,0.376,0.45,0.37,0.663,0.388,0.709,0.369,0.373,0.536,0.608,0.727,0.734,0.557,1.0,0.743,0.753,0.607,0.592,0.596,0.709,0.376,0.436,0.456,0.369,0.705,0.0,0.724,0.572,0.397,0.556,0.691,0.391,0.715,0.377,0.6,0.709,0.364,0.367,0.386,0.609,0.609,0.361,0.44
0.471,0.6,0.35,0.413,0.684,0.616,0.553,0.396,0.46,0.388,0.692,0.397,0.779,0.395,0.393,0.555,0.622,0.735,0.74,0.551,0.743,1.0,0.932,0.636,0.608,0.606,0.744,0.406,0.456,0.475,0.385,0.715,0.0,0.871,0.593,0.402,0.551,0.727,0.399,0.739,0.389,0.621,0.735,0.384,0.388,0.392,0.635,0.635,0.377,0.455
0.485,0.613,0.362,0.418,0.674,0.633,0.564,0.407,0.46,0.38,0.677,0.408,0.765,0.391,0.404,0.555,0.627,0.725,0.733,0.562,0.753,0.932,1.0,0.632,0.613,0.6,0.729,0.407,0.455,0.47,0.395,0.731,0.0,0.871,0.59,0.404,0.56,0.716,0.419,0.726,0.4,0.622,0.737,0.392,0.397,0.396,0.625,0.625,0.377,0.457
0.49,0.8,0.352,0.424,0.636,0.804,0.533,0.412,0.469,0.404,0.616,0.407,0.626,0.398,0.393,0.538,0.734,0.643,0.625,0.53,0.607,0.636,0.632,1.0,0.823,0.736,0.626,0.409,0.466,0.476,0.39,0.634,0.0,0.635,0.792,0.41,0.532,0.628,0.398,0.623,0.399,0.716,0.631,0.391,0.395,0.406,0.706,0.706,0.398,0.463
0.468,0.807,0.351,0.409,0.615,0.812,0.521,0.402,0.445,0.391,0.576,0.397,0.591,0.388,0.385,0.518,0.725,0.609,0.601,0.524,0.592,0.608,0.613,0.823,1.0,0.736,0.59,0.401,0.457,0.445,0.382,0.628,0.0,0.604,0.778,0.394,0.522,0.612,0.404,0.59,0.39,0.691,0.613,0.405,0.396,0.4,0.679,0.679,0.405,0.448
0.474,0.71,0.343,0.408,0.631,0.711,0.503,0.393,0.453,0.402,0.61,0.4,0.607,0.39,0.394,0.507,0.746,0.613,0.597,0.502,0.596,0.606,0.6,0.736,0.736,1.0,0.603,0.404,0.454,0.457,0.387,0.61,0.0,0.605,0.687,0.397,0.503,0.618,0.389,0.613,0.391,0.679,0.602,0.401,0.397,0.393,0.7,0.7,0.401,0.446
0.472,0.589,0.337,0.404,0.708,0.595,0.523,0.386,0.462,0.411,0.715,0.396,0.774,0.416,0.388,0.53,0.602,0.707,0.695,0.519,0.709,0.744,0.729,0.626,0.59,0.603,1.0,0.398,0.462,0.476,0.389,0.72,0.0,0.72,0.609,0.399,0.524,0.813,0.39,0.772,0.394,0.624,0.819,0.382,0.383,0.388,0.626,0.627,0.379,0.452
0.427,0.409,0.302,0.743,0.406,0.401,0.375,0.896,0.415,0.714,0.377,0.691,0.398,0.735,0.7,0.377,0.401,0.406,0.386,0.372,0.376,0.406,0.407,0.409,0.401,0.404,0.398,1.0,0.464,0.404,0.702,0.401,0.0,0.399,0.381,0.601,0.373,0.427,0.66,0.398,0.725,0.389,0.404,0.95,0.932,0.421,0.393,0.394,0.679,0.452
0.513,0.451,0.369,0.464,0.486,0.46,0.435,0.459,0.504,0.463,0.438,0.465,0.458,0.479,0.455,0.446,0.458,0.458,0.441,0.431,0.436,0.456,0.455,0.466,0.457,0.454,0.462,0.464,1.0,0.493,0.436,0.457,0.0,0.45,0.445,0.44,0.434,0.471,0.441,0.455,0.44,0.467,0.457,0.444,0.45,0.558,0.457,0.459,0.447,0.831
0.57,0.455,0.39,0.405,0.473,0.453,0.445,0.398,0.585,0.408,0.465,0.411,0.479,0.4,0.398,0.457,0.456,0.471,0.458,0.442,0.456,0.475,0.47,0.476,0.445,0.457,0.476,0.404,0.493,1.0,0.394,0.455,0.0,0.463,0.438,0.405,0.445,0.479,0.391,0.478,0.401,0.462,0.469,0.391,0.392,0.457,0.468,0.469,0.392,0.491
0.401,0.403,0.302,0.694,0.394,0.391,0.368,0.699,0.401,0.715,0.371,0.67,0.382,0.698,0.701,0.367,0.386,0.388,0.374,0.368,0.369,0.385,0.395,0.39,0.382,0.387,0.389,0.702,0.436,0.394,1.0,0.395,0.0,0.39,0.368,0.583,0.368,0.396,0.653,0.381,0.901,0.389,0.389,0.703,0.707,0.413,0.374,0.375,0.645,0.438
0.477,0.639,0.35,0.41,0.682,0.625,0.534,0.409,0.451,0.381,0.648,0.408,0.697,0.389,0.396,0.523,0.641,0.684,0.7,0.534,0.705,0.715,0.731,0.634,0.628,0.61,0.72,0.401,0.457,0.455,0.395,1.0,0.0,0.708,0.579,0.388,0.532,0.732,0.407,0.706,0.396,0.63,0.746,0.404,0.404,0.4,0.63,0.63,0.382,0.44
0.0,0.0,0.0,0.0,0.0,0.0,0.0,0.0,0.0,0.0,0.0,0.0,0.0,0.0,0.0,0.0,0.0,0.0,0.0,0.0,0.0,0.0,0.0,0.0,0.0,0.0,0.0,0.0,0.0,0.0,0.0,0.0,1.0,0.0,0.0,0.0,0.0,0.0,0.0,0.0,0.0,0.0,0.0,0.0,0.0,0.0,0.0,0.0,0.0,0.0
0.467,0.604,0.358,0.406,0.678,0.621,0.534,0.396,0.463,0.381,0.674,0.4,0.759,0.386,0.391,0.531,0.629,0.694,0.696,0.531,0.724,0.871,0.871,0.635,0.604,0.605,0.72,0.399,0.45,0.463,0.39,0.708,0.0,1.0,0.593,0.403,0.532,0.721,0.412,0.72,0.393,0.622,0.73,0.384,0.392,0.384,0.632,0.632,0.378,0.445
0.444,0.743,0.328,0.399,0.609,0.77,0.51,0.371,0.439,0.396,0.619,0.385,0.615,0.394,0.374,0.523,0.679,0.599,0.584,0.509,0.572,0.593,0.59,0.792,0.778,0.687,0.609,0.381,0.445,0.438,0.368,0.579,0.0,0.593,1.0,0.389,0.509,0.599,0.379,0.606,0.376,0.658,0.596,0.362,0.367,0.376,0.666,0.666,0.37,0.427
0.405,0.385,0.311,0.606,0.389,0.397,0.392,0.581,0.422,0.593,0.383,0.577,0.395,0.61,0.59,0.393,0.4,0.417,0.39,0.391,0.397,0.402,0.404,0.41,0.394,0.397,0.399,0.601,0.44,0.405,0.583,0.388,0.0,0.403,0.389,1.0,0.39,0.392,0.612,0.399,0.59,0.391,0.393,0.575,0.579,0.398,0.393,0.394,0.586,0.431
0.446,0.512,0.325,0.397,0.517,0.523,0.991,0.373,0.448,0.369,0.502,0.38,0.525,0.375,0.37,0.947,0.521,0.547,0.551,0.987,0.556,0.551,0.56,0.532,0.522,0.503,0.524,0.373,0.434,0.445,0.368,0.532,0.0,0.532,0.509,0.39,1.0,0.514,0.377,0.522,0.372,0.518,0.526,0.359,0.363,0.377,0.511,0.511,0.358,0.428
0.488,0.629,0.353,0.421,0.716,0.627,0.513,0.417,0.463,0.413,0.697,0.418,0.732,0.418,0.405,0.531,0.61,0.694,0.681,0.509,0.691,0.727,0.716,0.628,0.612,0.618,0.813,0.427,0.471,0.479,0.396,0.732,0.0,0.721,0.599,0.392,0.514,1.0,0.411,0.744,0.402,0.624,0.84,0.413,0.409,0.398,0.639,0.64,0.406,0.451
0.404,0.403,0.309,0.673,0.405,0.42,0.379,0.653,0.401,0.669,0.377,0.673,0.391,0.67,0.681,0.381,0.396,0.409,0.391,0.379,0.391,0.399,0.419,0.398,0.404,0.389,0.39,0.66,0.441,0.391,0.653,0.407,0.0,0.412,0.379,0.612,0.377,0.411,1.0,0.394,0.662,0.397,0.405,0.655,0.66,0.415,0.39,0.391,0.635,0.443
0.468,0.596,0.342,0.403,0.708,0.608,0.522,0.392,0.448,0.402,0.724,0.394,0.767,0.403,0.386,0.535,0.607,0.704,0.693,0.518,0.715,0.739,0.726,0.623,0.59,0.613,0.772,0.398,0.455,0.478,0.381,0.706,0.0,0.72,0.606,0.399,0.522,0.744,0.394,1.0,0.386,0.617,0.741,0.382,0.387,0.391,0.639,0.641,0.373,0.447
0.414,0.408,0.316,0.719,0.407,0.401,0.372,0.702,0.408,0.72,0.376,0.69,0.387,0.716,0.718,0.376,0.396,0.392,0.382,0.372,0.377,0.389,0.4,0.399,0.39,0.391,0.394,0.725,0.44,0.401,0.901,0.396,0.0,0.393,0.376,0.59,0.372,0.402,0.662,0.386,1.0,0.397,0.394,0.726,0.725,0.417,0.382,0.383,0.655,0.446
0.469,0.68,0.346,0.404,0.632,0.687,0.518,0.388,0.468,0.384,0.615,0.395,0.618,0.384,0.385,0.519,0.676,0.635,0.618,0.518,0.6,0.621,0.622,0.716,0.691,0.679,0.624,0.389,0.467,0.462,0.389,0.63,0.0,0.622,0.658,0.391,0.518,0.624,0.397,0.617,0.397,1.0,0.654,0.383,0.381,0.396,0.707,0.707,0.392,0.461
0.479,0.619,0.352,0.412,0.701,0.616,0.527,0.402,0.456,0.385,0.694,0.415,0.731,0.4,0.4,0.522,0.629,0.706,0.708,0.524,0.709,0.735,0.737,0.631,0.613,0.602,0.819,0.404,0.457,0.469,0.389,0.746,0.0,0.73,0.596,0.393,0.526,0.84,0.405,0.741,0.394,0.654,1.0,0.392,0.398,0.396,0.628,0.628,0.387,0.458
0.417,0.428,0.307,0.715,0.391,0.402,0.36,0.906,0.399,0.684,0.363,0.686,0.377,0.699,0.695,0.361,0.397,0.386,0.376,0.36,0.364,0.384,0.392,0.391,0.405,0.401,0.382,0.95,0.444,0.391,0.703,0.404,0.0,0.384,0.362,0.575,0.359,0.413,0.655,0.382,0.726,0.383,0.392,1.0,0.953,0.426,0.38,0.381,0.673,0.439
0.429,0.428,0.304,0.719,0.396,0.399,0.365,0.89,0.399,0.697,0.368,0.695,0.381,0.703,0.699,0.364,0.4,0.393,0.377,0.365,0.367,0.388,0.397,0.395,0.396,0.397,0.383,0.932,0.45,0.392,0.707,0.404,0.0,0.392,0.367,0.579,0.363,0.409,0.66,0.387,0.725,0.381,0.398,0.953,1.0,0.422,0.38,0.381,0.656,0.441
0.455,0.418,0.33,0.431,0.403,0.413,0.377,0.422,0.448,0.41,0.383,0.426,0.389,0.42,0.421,0.377,0.394,0.395,0.387,0.377,0.386,0.392,0.396,0.406,0.4,0.393,0.388,0.421,0.558,0.457,0.413,0.4,0.0,0.384,0.376,0.398,0.377,0.398,0.415,0.391,0.417,0.396,0.396,0.426,0.422,1.0,0.423,0.424,0.412,0.606
0.456,0.671,0.361,0.396,0.66,0.694,0.51,0.381,0.462,0.389,0.626,0.399,0.629,0.387,0.391,0.52,0.684,0.646,0.617,0.508,0.609,0.635,0.625,0.706,0.679,0.7,0.626,0.393,0.457,0.468,0.374,0.63,0.0,0.632,0.666,0.393,0.511,0.639,0.39,0.639,0.382,0.707,0.628,0.38,0.38,0.423,1.0,0.997,0.383,0.465
0.457,0.671,0.362,0.397,0.661,0.694,0.51,0.382,0.463,0.391,0.627,0.4,0.63,0.389,0.392,0.521,0.684,0.646,0.617,0.508,0.609,0.635,0.625,0.706,0.679,0.7,0.627,0.394,0.459,0.469,0.375,0.63,0.0,0.632,0.666,0.394,0.511,0.64,0.391,0.641,0.383,0.707,0.628,0.381,0.381,0.424,0.997,1.0,0.384,0.466
0.392,0.404,0.303,0.674,0.395,0.4,0.358,0.653,0.401,0.651,0.368,0.635,0.381,0.667,0.648,0.362,0.389,0.383,0.375,0.357,0.361,0.377,0.377,0.398,0.405,0.401,0.379,0.679,0.447,0.392,0.645,0.382,0.0,0.378,0.37,0.586,0.358,0.406,0.635,0.373,0.655,0.392,0.387,0.673,0.656,0.412,0.383,0.384,1.0,0.441
0.502,0.447,0.371,0.456,0.462,0.457,0.428,0.45,0.506,0.444,0.431,0.46,0.448,0.462,0.465,0.425,0.455,0.46,0.448,0.428,0.44,0.455,0.457,0.463,0.448,0.446,0.452,0.452,0.831,0.491,0.438,0.44,0.0,0.445,0.427,0.431,0.428,0.451,0.443,0.447,0.446,0.461,0.458,0.439,0.441,0.606,0.465,0.466,0.441,1.0
