GCF_000163235.1_ASM16323v1_genomic.fna,GCF_000164555.1_ASM16455v1_genomic.fna,GCF_000208545.1_ASM20854v2_genomic.fna,GCF_000233875.1_ASM23387v1_genomic.fna,GCF_000249735.1_ASM24973v2_genomic.fna,GCF_000261145.1_Esch_coli_M919_V2_genomic.fna,GCF_000267705.2_ASM26770v2_genomic.fna,GCF_000350665.1_Esch_coli_KTE5_V1_genomic.fna,GCF_000351625.1_Esch_coli_KTE66_V1_genomic.fna,GCF_000352285.1_Esch_coli_KTE46_V1_genomic.fna,GCF_000358895.1_ASM35889v1_genomic.fna,GCF_000456385.1_Esch_coli_HVH_26_4-5703913_V1_genomic.fna,GCF_000458195.1_Esch_coli_HVH_147_4-5893887_V1_genomic.fna,GCF_000459755.1_Esch_coli_KOEGE_58_171a_V1_genomic.fna,GCF_000460055.1_Esch_coli_UMEA_3053-1_V1_genomic.fna,GCF_000462165.2_ASM46216v2_genomic.fna,GCF_000601135.1_ASM60113v1_genomic.fna,GCF_000614595.1_Ec2010EL1058_genomic.fna,GCF_000617745.1_Ec2010C-4529_genomic.fna,GCF_000618265.2_EcF6751_genomic.fna,GCF_000619005.2_Ec2009C-4052_genomic.fna,GCF_000619105.1_Ec2009C-4780_genomic.fna,GCF_000619765.2_Ec2009C-3279_genomic.fna,GCF_000687005.1_ASM68700v1_genomic.fna,GCF_000687025.1_ASM68702v1_genomic.fna,GCF_000700125.1_ASM70012v1_genomic.fna,GCF_000753315.1_FHI35_genomic.fna,GCF_000776375.1_ASM77637v1_genomic.fna,GCF_000779395.1_ASM77939v1_genomic.fna,GCF_000780315.1_ASM78031v1_genomic.fna,GCF_000781995.1_ASM78199v1_genomic.fna,GCF_000986765.1_ASM98676v1_genomic.fna,GCF_001041375.1_ViralProj287958_genomic.fna,GCF_001265335.1_302014_genomic.fna,GCF_001265625.1_100854_genomic.fna,GCF_001267345.1_303289_genomic.fna,GCF_001309985.1_ASM130998v1_genomic.fna,GCF_001521695.1_ASM152169v1_genomic.fna,GCF_001592595.1_ASM159259v1_genomic.fna,GCF_001614975.1_ASM161497v1_genomic.fna,GCF_001692775.1_ASM169277v1_genomic.fna,GCF_001748915.1_ASM174891v1_genomic.fna,GCF_001749235.1_ASM174923v1_genomic.fna,GCF_001881155.1_ASM188115v1_genomic.fna,GCF_001881345.1_ASM188134v1_genomic.fna,GCF_001892405.1_ASM189240v1_genomic.fna,GCF_001892585.1_ASM189258v1_genomic.fna,GCF_001893985.1_ASM189398v1_genomic.fna,GCF_002001595.1_ASM200159v1_genomic.fna,GCF_002002145.1_ASM200214v1_genomic.fna
1.0,0.508,0.399,0.424,0.49,0.481,0.468,0.451,0.599,0.438,0.47,0.456,0.48,0.429,0.421,0.47,0.47,0.478,0.476,0.464,0.463,0.469,0.481,0.482,0.466,0.476,0.475,0.432,0.526,0.586,0.417,0.475,0.0,0.47,0.453,0.416,0.463,0.485,0.43,0.481,0.417,0.471,0.482,0.438,0.456,0.477,0.458,0.46,0.413,0.536
0.508,1.0,0.367,0.429,0.633,0.776,0.524,0.428,0.459,0.433,0.6,0.447,0.609,0.416,0.415,0.527,0.691,0.617,0.603,0.524,0.604,0.607,0.614,0.783,0.8,0.698,0.616,0.415,0.467,0.458,0.423,0.62,0.0,0.609,0.739,0.404,0.524,0.632,0.425,0.611,0.421,0.671,0.625,0.437,0.436,0.425,0.686,0.692,0.419,0.478
0.399,0.367,1.0,0.337,0.357,0.355,0.335,0.334,0.384,0.333,0.35,0.336,0.35,0.33,0.329,0.345,0.363,0.35,0.339,0.33,0.345,0.343,0.342,0.359,0.37,0.355,0.358,0.323,0.392,0.385,0.33,0.355,0.0,0.345,0.335,0.338,0.33,0.351,0.347,0.358,0.335,0.35,0.359,0.339,0.328,0.358,0.355,0.356,0.341,0.397
0.424,0.429,0.337,1.0,0.424,0.417,0.403,0.696,0.413,0.71,0.413,0.727,0.419,0.748,0.757,0.409,0.42,0.416,0.416,0.397,0.403,0.402,0.398,0.43,0.425,0.422,0.411,0.731,0.45,0.407,0.714,0.417,0.0,0.387,0.397,0.606,0.398,0.399,0.664,0.413,0.742,0.393,0.406,0.718,0.724,0.426,0.395,0.397,0.645,0.457
0.49,0.633,0.357,0.424,1.0,0.626,0.543,0.444,0.472,0.437,0.798,0.444,0.73,0.428,0.432,0.554,0.647,0.679,0.694,0.54,0.683,0.7,0.695,0.642,0.638,0.636,0.698,0.426,0.483,0.475,0.43,0.666,0.0,0.688,0.616,0.407,0.539,0.686,0.429,0.728,0.443,0.637,0.705,0.427,0.432,0.426,0.638,0.641,0.425,0.481
0.481,0.776,0.355,0.417,0.626,1.0,0.554,0.43,0.466,0.414,0.598,0.42,0.607,0.417,0.409,0.55,0.69,0.636,0.612,0.548,0.598,0.62,0.624,0.782,0.801,0.687,0.607,0.41,0.462,0.458,0.415,0.601,0.0,0.618,0.755,0.417,0.548,0.609,0.446,0.608,0.42,0.673,0.62,0.419,0.417,0.411,0.697,0.698,0.398,0.48
0.468,0.524,0.335,0.403,0.543,0.554,1.0,0.398,0.46,0.388,0.521,0.398,0.533,0.397,0.392,0.954,0.542,0.576,0.561,0.982,0.569,0.56,0.569,0.532,0.534,0.52,0.538,0.387,0.441,0.441,0.403,0.52,0.0,0.545,0.516,0.405,0.986,0.515,0.415,0.526,0.405,0.52,0.53,0.392,0.391,0.403,0.521,0.521,0.377,0.463
0.451,0.428,0.334,0.696,0.444,0.43,0.398,1.0,0.418,0.688,0.417,0.69,0.419,0.696,0.68,0.401,0.429,0.417,0.419,0.393,0.399,0.406,0.403,0.44,0.422,0.413,0.417,0.901,0.464,0.407,0.704,0.409,0.0,0.402,0.392,0.606,0.393,0.424,0.656,0.418,0.711,0.402,0.413,0.896,0.89,0.429,0.396,0.398,0.621,0.461
0.599,0.459,0.384,0.413,0.472,0.466,0.46,0.418,1.0,0.422,0.46,0.419,0.47,0.416,0.415,0.466,0.459,0.462,0.456,0.453,0.45,0.461,0.463,0.45,0.455,0.458,0.473,0.411,0.508,0.594,0.407,0.46,0.0,0.452,0.43,0.414,0.454,0.457,0.429,0.482,0.41,0.453,0.473,0.414,0.415,0.461,0.453,0.453,0.402,0.532
0.438,0.433,0.333,0.71,0.437,0.414,0.388,0.688,0.422,1.0,0.438,0.691,0.429,0.73,0.705,0.399,0.414,0.408,0.409,0.384,0.402,0.4,0.395,0.449,0.423,0.433,0.411,0.721,0.458,0.417,0.728,0.399,0.0,0.398,0.411,0.609,0.384,0.397,0.673,0.425,0.732,0.399,0.407,0.689,0.706,0.424,0.393,0.394,0.657,0.455
0.47,0.6,0.35,0.413,0.798,0.598,0.521,0.417,0.46,0.438,1.0,0.424,0.748,0.431,0.419,0.531,0.617,0.674,0.686,0.517,0.669,0.704,0.693,0.647,0.604,0.633,0.691,0.425,0.462,0.477,0.412,0.649,0.0,0.669,0.629,0.398,0.516,0.667,0.414,0.747,0.416,0.603,0.688,0.407,0.413,0.401,0.604,0.606,0.403,0.461
0.456,0.447,0.336,0.727,0.444,0.42,0.398,0.69,0.419,0.691,0.424,1.0,0.431,0.721,0.853,0.406,0.427,0.418,0.417,0.393,0.411,0.414,0.413,0.44,0.421,0.414,0.415,0.7,0.486,0.419,0.685,0.417,0.0,0.409,0.396,0.595,0.393,0.42,0.666,0.422,0.709,0.4,0.423,0.692,0.705,0.425,0.403,0.403,0.636,0.47
0.48,0.609,0.35,0.419,0.73,0.607,0.533,0.419,0.47,0.429,0.748,0.431,1.0,0.426,0.428,0.545,0.614,0.706,0.733,0.528,0.725,0.793,0.788,0.626,0.605,0.627,0.754,0.421,0.473,0.473,0.418,0.698,0.0,0.756,0.61,0.393,0.529,0.715,0.412,0.789,0.421,0.614,0.739,0.406,0.409,0.41,0.625,0.626,0.408,0.472
0.429,0.416,0.33,0.748,0.428,0.417,0.397,0.696,0.416,0.73,0.431,0.721,0.426,1.0,0.757,0.407,0.414,0.412,0.404,0.391,0.389,0.401,0.392,0.436,0.419,0.422,0.414,0.75,0.462,0.407,0.709,0.399,0.0,0.388,0.402,0.601,0.392,0.399,0.667,0.416,0.734,0.386,0.405,0.714,0.717,0.419,0.392,0.394,0.652,0.462
0.421,0.415,0.329,0.757,0.432,0.409,0.392,0.68,0.415,0.705,0.419,0.853,0.428,0.757,1.0,0.401,0.424,0.408,0.402,0.386,0.401,0.403,0.397,0.426,0.415,0.411,0.405,0.719,0.471,0.405,0.707,0.408,0.0,0.394,0.399,0.603,0.388,0.404,0.682,0.414,0.725,0.389,0.408,0.695,0.699,0.428,0.404,0.405,0.66,0.481
0.47,0.527,0.345,0.409,0.554,0.55,0.954,0.401,0.466,0.399,0.531,0.406,0.545,0.407,0.401,1.0,0.553,0.569,0.566,0.951,0.555,0.568,0.564,0.536,0.541,0.527,0.544,0.392,0.449,0.452,0.41,0.516,0.0,0.546,0.517,0.405,0.953,0.52,0.419,0.533,0.413,0.52,0.534,0.397,0.398,0.407,0.524,0.524,0.387,0.464
0.47,0.691,0.363,0.42,0.647,0.69,0.542,0.429,0.459,0.414,0.617,0.427,0.614,0.414,0.424,0.553,1.0,0.615,0.603,0.536,0.599,0.629,0.623,0.727,0.722,0.721,0.603,0.418,0.471,0.454,0.413,0.637,0.0,0.625,0.677,0.414,0.536,0.589,0.426,0.618,0.417,0.652,0.615,0.423,0.434,0.409,0.69,0.692,0.397,0.479
0.478,0.617,0.35,0.416,0.679,0.636,0.576,0.417,0.462,0.408,0.674,0.418,0.706,0.412,0.408,0.569,0.615,1.0,0.755,0.569,0.722,0.736,0.739,0.611,0.61,0.605,0.698,0.409,0.469,0.461,0.416,0.666,0.0,0.69,0.594,0.417,0.571,0.668,0.429,0.705,0.416,0.628,0.695,0.41,0.41,0.41,0.625,0.628,0.396,0.483
0.476,0.603,0.339,0.416,0.694,0.612,0.561,0.419,0.456,0.409,0.686,0.417,0.733,0.404,0.402,0.566,0.603,0.755,1.0,0.558,0.738,0.756,0.742,0.594,0.595,0.598,0.722,0.408,0.472,0.464,0.411,0.675,0.0,0.698,0.583,0.413,0.559,0.674,0.425,0.719,0.411,0.61,0.693,0.41,0.409,0.409,0.616,0.62,0.395,0.483
0.464,0.524,0.33,0.397,0.54,0.548,0.982,0.393,0.453,0.384,0.517,0.393,0.528,0.391,0.386,0.951,0.536,0.569,0.558,1.0,0.567,0.553,0.567,0.526,0.533,0.516,0.535,0.382,0.436,0.437,0.399,0.519,0.0,0.544,0.509,0.399,0.993,0.514,0.407,0.521,0.401,0.519,0.527,0.388,0.386,0.402,0.52,0.52,0.372,0.456
0.463,0.604,0.345,0.403,0.683,0.598,0.569,0.399,0.45,0.402,0.669,0.411,0.725,0.389,0.401,0.555,0.599,0.722,0.738,0.567,1.0,0.747,0.763,0.586,0.586,0.589,0.73,0.395,0.448,0.457,0.404,0.697,0.0,0.732,0.58,0.403,0.569,0.702,0.413,0.708,0.407,0.601,0.713,0.396,0.398,0.416,0.627,0.629,0.386,0.466
0.469,0.607,0.343,0.402,0.7,0.62,0.56,0.406,0.461,0.4,0.704,0.414,0.793,0.401,0.403,0.568,0.629,0.736,0.756,0.553,0.747,1.0,0.929,0.606,0.611,0.607,0.749,0.4,0.456,0.461,0.409,0.707,0.0,0.864,0.586,0.404,0.556,0.707,0.417,0.756,0.409,0.602,0.733,0.404,0.404,0.399,0.612,0.614,0.388,0.47
0.481,0.614,0.342,0.398,0.695,0.624,0.569,0.403,0.463,0.395,0.693,0.413,0.788,0.392,0.397,0.564,0.623,0.739,0.742,0.567,0.763,0.929,1.0,0.601,0.609,0.604,0.749,0.392,0.456,0.456,0.4,0.719,0.0,0.867,0.58,0.408,0.569,0.714,0.409,0.742,0.402,0.607,0.728,0.394,0.396,0.403,0.618,0.62,0.382,0.468
0.482,0.783,0.359,0.43,0.642,0.782,0.532,0.44,0.45,0.449,0.647,0.44,0.626,0.436,0.426,0.536,0.727,0.611,0.594,0.526,0.586,0.606,0.601,1.0,0.813,0.727,0.6,0.436,0.467,0.455,0.417,0.595,0.0,0.603,0.818,0.408,0.527,0.589,0.424,0.625,0.425,0.67,0.601,0.416,0.429,0.396,0.681,0.682,0.411,0.457
0.466,0.8,0.37,0.425,0.638,0.801,0.534,0.422,0.455,0.423,0.604,0.421,0.605,0.419,0.415,0.541,0.722,0.61,0.595,0.533,0.586,0.611,0.609,0.813,1.0,0.729,0.607,0.412,0.457,0.459,0.422,0.611,0.0,0.601,0.774,0.407,0.532,0.593,0.43,0.608,0.425,0.665,0.607,0.437,0.429,0.407,0.685,0.684,0.413,0.459
0.476,0.698,0.355,0.422,0.636,0.687,0.52,0.413,0.458,0.433,0.633,0.414,0.627,0.422,0.411,0.527,0.721,0.605,0.598,0.516,0.589,0.607,0.604,0.727,0.729,1.0,0.603,0.414,0.454,0.455,0.412,0.585,0.0,0.587,0.692,0.395,0.515,0.588,0.414,0.631,0.415,0.659,0.592,0.418,0.409,0.39,0.676,0.677,0.427,0.454
0.475,0.616,0.358,0.411,0.698,0.607,0.538,0.417,0.473,0.411,0.691,0.415,0.754,0.414,0.405,0.544,0.603,0.698,0.722,0.535,0.73,0.749,0.749,0.6,0.607,0.603,1.0,0.408,0.457,0.464,0.42,0.721,0.0,0.72,0.577,0.408,0.535,0.797,0.413,0.756,0.421,0.602,0.825,0.417,0.412,0.42,0.612,0.614,0.41,0.468
0.432,0.415,0.323,0.731,0.426,0.41,0.387,0.901,0.411,0.721,0.425,0.7,0.421,0.75,0.719,0.392,0.418,0.409,0.408,0.382,0.395,0.4,0.392,0.436,0.412,0.414,0.408,1.0,0.457,0.399,0.706,0.401,0.0,0.391,0.396,0.604,0.383,0.406,0.656,0.417,0.727,0.39,0.402,0.945,0.936,0.421,0.39,0.391,0.652,0.45
0.526,0.467,0.392,0.45,0.483,0.462,0.441,0.464,0.508,0.458,0.462,0.486,0.473,0.462,0.471,0.449,0.471,0.469,0.472,0.436,0.448,0.456,0.456,0.467,0.457,0.454,0.457,0.457,1.0,0.493,0.442,0.454,0.0,0.458,0.448,0.441,0.436,0.454,0.462,0.474,0.449,0.448,0.451,0.45,0.456,0.554,0.447,0.448,0.438,0.821
0.586,0.458,0.385,0.407,0.475,0.458,0.441,0.407,0.594,0.417,0.477,0.419,0.473,0.407,0.405,0.452,0.454,0.461,0.464,0.437,0.457,0.461,0.456,0.455,0.459,0.455,0.464,0.399,0.493,1.0,0.414,0.45,0.0,0.448,0.433,0.392,0.437,0.452,0.419,0.488,0.418,0.442,0.462,0.398,0.401,0.479,0.445,0.447,0.391,0.518
0.417,0.423,0.33,0.714,0.43,0.415,0.403,0.704,0.407,0.728,0.412,0.685,0.418,0.709,0.707,0.41,0.413,0.416,0.411,0.399,0.404,0.409,0.4,0.417,0.422,0.412,0.42,0.706,0.442,0.414,1.0,0.406,0.0,0.399,0.384,0.606,0.399,0.406,0.674,0.416,0.899,0.402,0.418,0.709,0.712,0.42,0.397,0.399,0.637,0.454
0.475,0.62,0.355,0.417,0.666,0.601,0.52,0.409,0.46,0.399,0.649,0.417,0.698,0.399,0.408,0.516,0.637,0.666,0.675,0.519,0.697,0.707,0.719,0.595,0.611,0.585,0.721,0.401,0.454,0.45,0.406,1.0,0.0,0.715,0.559,0.401,0.521,0.72,0.423,0.722,0.408,0.635,0.732,0.406,0.408,0.42,0.627,0.632,0.394,0.466
0.0,0.0,0.0,0.0,0.0,0.0,0.0,0.0,0.0,0.0,0.0,0.0,0.0,0.0,0.0,0.0,0.0,0.0,0.0,0.0,0.0,0.0,0.0,0.0,0.0,0.0,0.0,0.0,0.0,0.0,0.0,0.0,1.0,0.0,0.0,0.0,0.0,0.0,0.0,0.0,0.0,0.0,0.0,0.0,0.0,0.0,0.0,0.0,0.0,0.0
0.47,0.609,0.345,0.387,0.688,0.618,0.545,0.402,0.452,0.398,0.669,0.409,0.756,0.388,0.394,0.546,0.625,0.69,0.698,0.544,0.732,0.864,0.867,0.603,0.601,0.587,0.72,0.391,0.458,0.448,0.399,0.715,0.0,1.0,0.577,0.415,0.547,0.705,0.42,0.728,0.404,0.601,0.724,0.397,0.398,0.409,0.616,0.619,0.382,0.47
0.453,0.739,0.335,0.397,0.616,0.755,0.516,0.392,0.43,0.411,0.629,0.396,0.61,0.402,0.399,0.517,0.677,0.594,0.583,0.509,0.58,0.586,0.58,0.818,0.774,0.692,0.577,0.396,0.448,0.433,0.384,0.559,0.0,0.577,1.0,0.39,0.511,0.561,0.404,0.606,0.392,0.633,0.58,0.381,0.39,0.375,0.65,0.649,0.383,0.439
0.416,0.404,0.338,0.606,0.407,0.417,0.405,0.606,0.414,0.609,0.398,0.595,0.393,0.601,0.603,0.405,0.414,0.417,0.413,0.399,0.403,0.404,0.408,0.408,0.407,0.395,0.408,0.604,0.441,0.392,0.606,0.401,0.0,0.415,0.39,1.0,0.401,0.386,0.642,0.402,0.611,0.379,0.4,0.608,0.611,0.418,0.381,0.382,0.592,0.453
0.463,0.524,0.33,0.398,0.539,0.548,0.986,0.393,0.454,0.384,0.516,0.393,0.529,0.392,0.388,0.953,0.536,0.571,0.559,0.993,0.569,0.556,0.569,0.527,0.532,0.515,0.535,0.383,0.436,0.437,0.399,0.521,0.0,0.547,0.511,0.401,1.0,0.516,0.41,0.521,0.401,0.52,0.529,0.388,0.387,0.403,0.521,0.521,0.373,0.457
0.485,0.632,0.351,0.399,0.686,0.609,0.515,0.424,0.457,0.397,0.667,0.42,0.715,0.399,0.404,0.52,0.589,0.668,0.674,0.514,0.702,0.707,0.714,0.589,0.593,0.588,0.797,0.406,0.454,0.452,0.406,0.72,0.0,0.705,0.561,0.386,0.516,1.0,0.409,0.716,0.41,0.606,0.845,0.411,0.401,0.416,0.629,0.631,0.391,0.469
0.43,0.425,0.347,0.664,0.429,0.446,0.415,0.656,0.429,0.673,0.414,0.666,0.412,0.667,0.682,0.419,0.426,0.429,0.425,0.407,0.413,0.417,0.409,0.424,0.43,0.414,0.413,0.656,0.462,0.419,0.674,0.423,0.0,0.42,0.404,0.642,0.41,0.409,1.0,0.42,0.677,0.409,0.429,0.664,0.67,0.427,0.41,0.411,0.62,0.465
0.481,0.611,0.358,0.413,0.728,0.608,0.526,0.418,0.482,0.425,0.747,0.422,0.789,0.416,0.414,0.533,0.618,0.705,0.719,0.521,0.708,0.756,0.742,0.625,0.608,0.631,0.756,0.417,0.474,0.488,0.416,0.722,0.0,0.728,0.606,0.402,0.521,0.716,0.42,1.0,0.423,0.614,0.752,0.404,0.412,0.422,0.642,0.645,0.405,0.488
0.417,0.421,0.335,0.742,0.443,0.42,0.405,0.711,0.41,0.732,0.416,0.709,0.421,0.734,0.725,0.413,0.417,0.416,0.411,0.401,0.407,0.409,0.402,0.425,0.425,0.415,0.421,0.727,0.449,0.418,0.899,0.408,0.0,0.404,0.392,0.611,0.401,0.41,0.677,0.423,1.0,0.408,0.422,0.721,0.725,0.421,0.397,0.399,0.652,0.455
0.471,0.671,0.35,0.393,0.637,0.673,0.52,0.402,0.453,0.399,0.603,0.4,0.614,0.386,0.389,0.52,0.652,0.628,0.61,0.519,0.601,0.602,0.607,0.67,0.665,0.659,0.602,0.39,0.448,0.442,0.402,0.635,0.0,0.601,0.633,0.379,0.52,0.606,0.409,0.614,0.408,1.0,0.633,0.397,0.4,0.408,0.726,0.731,0.381,0.457
0.482,0.625,0.359,0.406,0.705,0.62,0.53,0.413,0.473,0.407,0.688,0.423,0.739,0.405,0.408,0.534,0.615,0.695,0.693,0.527,0.713,0.733,0.728,0.601,0.607,0.592,0.825,0.402,0.451,0.462,0.418,0.732,0.0,0.724,0.58,0.4,0.529,0.845,0.429,0.752,0.422,0.633,1.0,0.412,0.408,0.426,0.63,0.631,0.395,0.471
0.438,0.437,0.339,0.718,0.427,0.419,0.392,0.896,0.414,0.689,0.407,0.692,0.406,0.714,0.695,0.397,0.423,0.41,0.41,0.388,0.396,0.404,0.394,0.416,0.437,0.418,0.417,0.945,0.45,0.398,0.709,0.406,0.0,0.397,0.381,0.608,0.388,0.411,0.664,0.404,0.721,0.397,0.412,1.0,0.952,0.429,0.395,0.396,0.646,0.453
0.456,0.436,0.328,0.724,0.432,0.417,0.391,0.89,0.415,0.706,0.413,0.705,0.409,0.717,0.699,0.398,0.434,0.41,0.409,0.386,0.398,0.404,0.396,0.429,0.429,0.409,0.412,0.936,0.456,0.401,0.712,0.408,0.0,0.398,0.39,0.611,0.387,0.401,0.67,0.412,0.725,0.4,0.408,0.952,1.0,0.431,0.403,0.405,0.634,0.456
0.477,0.425,0.358,0.426,0.426,0.411,0.403,0.429,0.461,0.424,0.401,0.425,0.41,0.419,0.428,0.407,0.409,0.41,0.409,0.402,0.416,0.399,0.403,0.396,0.407,0.39,0.42,0.421,0.554,0.479,0.42,0.42,0.0,0.409,0.375,0.418,0.403,0.416,0.427,0.422,0.421,0.408,0.426,0.429,0.431,1.0,0.431,0.433,0.41,0.624
0.458,0.686,0.355,0.395,0.638,0.697,0.521,0.396,0.453,0.393,0.604,0.403,0.625,0.392,0.404,0.524,0.69,0.625,0.616,0.52,0.627,0.612,0.618,0.681,0.685,0.676,0.612,0.39,0.447,0.445,0.397,0.627,0.0,0.616,0.65,0.381,0.521,0.629,0.41,0.642,0.397,0.726,0.63,0.395,0.403,0.431,1.0,0.994,0.381,0.48
0.46,0.692,0.356,0.397,0.641,0.698,0.521,0.398,0.453,0.394,0.606,0.403,0.626,0.394,0.405,0.524,0.692,0.628,0.62,0.52,0.629,0.614,0.62,0.682,0.684,0.677,0.614,0.391,0.448,0.447,0.399,0.632,0.0,0.619,0.649,0.382,0.521,0.631,0.411,0.645,0.399,0.731,0.631,0.396,0.405,0.433,0.994,1.0,0.383,0.481
0.413,0.419,0.341,0.645,0.425,0.398,0.377,0.621,0.402,0.657,0.403,0.636,0.408,0.652,0.66,0.387,0.397,0.396,0.395,0.372,0.386,0.388,0.382,0.411,0.413,0.427,0.41,0.652,0.438,0.391,0.637,0.394,0.0,0.382,0.383,0.592,0.373,0.391,0.62,0.405,0.652,0.381,0.395,0.646,0.634,0.41,0.381,0.383,1.0,0.445
0.536,0.478,0.397,0.457,0.481,0.48,0.463,0.461,0.532,0.455,0.461,0.47,0.472,0.462,0.481,0.464,0.479,0.483,0.483,0.456,0.466,0.47,0.468,0.457,0.459,0.454,0.468,0.45,0.821,0.518,0.454,0.466,0.0,0.47,0.439,0.453,0.457,0.469,0.465,0.488,0.455,0.457,0.471,0.453,0.456,0.624,0.48,0.481,0.445,1.0
