GCF_000163235.1_ASM16323v1_genomic.fna,GCF_000164555.1_ASM16455v1_genomic.fna,GCF_000208545.1_ASM20854v2_genomic.fna,GCF_000233875.1_ASM23387v1_genomic.fna,GCF_000249735.1_ASM24973v2_genomic.fna,GCF_000261145.1_Esch_coli_M919_V2_genomic.fna,GCF_000267705.2_ASM26770v2_genomic.fna,GCF_000350665.1_Esch_coli_KTE5_V1_genomic.fna,GCF_000351625.1_Esch_coli_KTE66_V1_genomic.fna,GCF_000352285.1_Esch_coli_KTE46_V1_genomic.fna,GCF_000358895.1_ASM35889v1_genomic.fna,GCF_000456385.1_Esch_coli_HVH_26_4-5703913_V1_genomic.fna,GCF_000458195.1_Esch_coli_HVH_147_4-5893887_V1_genomic.fna,GCF_000459755.1_Esch_coli_KOEGE_58_171a_V1_genomic.fna,GCF_000460055.1_Esch_coli_UMEA_3053-1_V1_genomic.fna,GCF_000462165.2_ASM46216v2_genomic.fna,GCF_000601135.1_ASM60113v1_genomic.fna,GCF_000614595.1_Ec2010EL1058_genomic.fna,GCF_000617745.1_Ec2010C-4529_genomic.fna,GCF_000618265.2_EcF6751_genomic.fna,GCF_000619005.2_Ec2009C-4052_genomic.fna,GCF_000619105.1_Ec2009C-4780_genomic.fna,GCF_000619765.2_Ec2009C-3279_genomic.fna,GCF_000687005.1_ASM68700v1_genomic.fna,GCF_000687025.1_ASM68702v1_genomic.fna,GCF_000700125.1_ASM70012v1_genomic.fna,GCF_000753315.1_FHI35_genomic.fna,GCF_000776375.1_ASM77637v1_genomic.fna,GCF_000779395.1_ASM77939v1_genomic.fna,GCF_000780315.1_ASM78031v1_genomic.fna,GCF_000781995.1_ASM78199v1_genomic.fna,GCF_000986765.1_ASM98676v1_genomic.fna,GCF_001041375.1_ViralProj287958_genomic.fna,GCF_001265335.1_302014_genomic.fna,GCF_001265625.1_100854_genomic.fna,GCF_001267345.1_303289_genomic.fna,GCF_001309985.1_ASM130998v1_genomic.fna,GCF_001521695.1_ASM152169v1_genomic.fna,GCF_001592595.1_ASM159259v1_genomic.fna,GCF_001614975.1_ASM161497v1_genomic.fna,GCF_001692775.1_ASM169277v1_genomic.fna,GCF_001748915.1_ASM174891v1_genomic.fna,GCF_001749235.1_ASM174923v1_genomic.fna,GCF_001881155.1_ASM188115v1_genomic.fna,GCF_001881345.1_ASM188134v1_genomic.fna,GCF_001892405.1_ASM189240v1_genomic.fna,GCF_001892585.1_ASM189258v1_genomic.fna,GCF_001893985.1_ASM189398v1_genomic.fna,GCF_002001595.1_ASM200159v1_genomic.fna,GCF_002002145.1_ASM200214v1_genomic.fna
1.0,0.477,0.395,0.435,0.463,0.475,0.443,0.438,0.613,0.444,0.457,0.446,0.455,0.422,0.416,0.456,0.458,0.453,0.462,0.442,0.445,0.451,0.449,0.488,0.474,0.475,0.447,0.432,0.523,0.59,0.398,0.45,0.0,0.436,0.447,0.427,0.445,0.467,0.416,0.462,0.4,0.463,0.451,0.417,0.427,0.475,0.457,0.459,0.427,0.521
0.477,1.0,0.355,0.416,0.623,0.775,0.506,0.433,0.444,0.417,0.575,0.448,0.588,0.413,0.402,0.508,0.712,0.585,0.573,0.506,0.593,0.579,0.599,0.791,0.79,0.691,0.6,0.428,0.446,0.451,0.398,0.62,0.0,0.576,0.732,0.387,0.505,0.619,0.411,0.583,0.406,0.675,0.6,0.435,0.449,0.421,0.676,0.677,0.421,0.449
0.395,0.355,1.0,0.319,0.342,0.337,0.333,0.319,0.381,0.313,0.334,0.33,0.335,0.32,0.316,0.332,0.342,0.344,0.323,0.334,0.333,0.329,0.337,0.339,0.341,0.332,0.335,0.319,0.37,0.39,0.32,0.346,0.0,0.333,0.309,0.323,0.334,0.343,0.319,0.346,0.331,0.343,0.345,0.325,0.323,0.36,0.349,0.349,0.334,0.384
0.435,0.416,0.319,1.0,0.4,0.42,0.373,0.724,0.423,0.716,0.382,0.726,0.396,0.761,0.761,0.38,0.402,0.391,0.4,0.369,0.381,0.393,0.394,0.416,0.427,0.418,0.393,0.76,0.456,0.434,0.706,0.41,0.0,0.369,0.381,0.631,0.373,0.394,0.679,0.396,0.708,0.397,0.389,0.741,0.732,0.441,0.404,0.406,0.675,0.453
0.463,0.623,0.342,0.4,1.0,0.617,0.516,0.419,0.45,0.403,0.744,0.42,0.691,0.416,0.402,0.523,0.61,0.652,0.652,0.512,0.677,0.666,0.684,0.626,0.617,0.621,0.704,0.419,0.448,0.46,0.386,0.687,0.0,0.677,0.586,0.38,0.517,0.705,0.41,0.686,0.395,0.64,0.708,0.421,0.422,0.423,0.65,0.651,0.411,0.441
0.475,0.775,0.337,0.42,0.617,1.0,0.523,0.429,0.449,0.414,0.586,0.418,0.602,0.413,0.408,0.537,0.683,0.598,0.591,0.52,0.576,0.594,0.593,0.792,0.813,0.699,0.589,0.427,0.445,0.46,0.389,0.596,0.0,0.584,0.758,0.407,0.522,0.591,0.419,0.59,0.391,0.676,0.59,0.419,0.414,0.411,0.68,0.682,0.424,0.444
0.443,0.506,0.333,0.373,0.516,0.523,1.0,0.38,0.44,0.374,0.49,0.374,0.5,0.376,0.36,0.948,0.51,0.556,0.531,0.984,0.559,0.531,0.555,0.516,0.513,0.508,0.52,0.381,0.41,0.436,0.367,0.516,0.0,0.517,0.496,0.384,0.987,0.505,0.394,0.497,0.363,0.517,0.511,0.382,0.376,0.395,0.506,0.507,0.365,0.419
0.438,0.433,0.319,0.724,0.419,0.429,0.38,1.0,0.422,0.687,0.39,0.702,0.398,0.731,0.692,0.389,0.419,0.413,0.41,0.376,0.39,0.396,0.405,0.436,0.428,0.427,0.404,0.917,0.469,0.436,0.698,0.418,0.0,0.391,0.399,0.611,0.379,0.434,0.679,0.407,0.691,0.416,0.414,0.903,0.885,0.448,0.425,0.427,0.67,0.469
0.613,0.444,0.381,0.423,0.45,0.449,0.44,0.422,1.0,0.431,0.444,0.416,0.455,0.419,0.416,0.446,0.447,0.459,0.448,0.437,0.433,0.447,0.443,0.456,0.44,0.455,0.453,0.426,0.513,0.62,0.405,0.439,0.0,0.43,0.433,0.417,0.44,0.441,0.404,0.456,0.404,0.465,0.452,0.412,0.412,0.485,0.453,0.454,0.418,0.533
0.444,0.417,0.313,0.716,0.403,0.414,0.374,0.687,0.431,1.0,0.419,0.682,0.408,0.71,0.692,0.383,0.394,0.394,0.405,0.369,0.377,0.398,0.391,0.429,0.414,0.417,0.4,0.706,0.475,0.434,0.716,0.392,0.0,0.378,0.394,0.623,0.373,0.398,0.667,0.404,0.707,0.404,0.395,0.685,0.687,0.436,0.396,0.398,0.67,0.447
0.457,0.575,0.334,0.382,0.744,0.586,0.49,0.39,0.444,0.419,1.0,0.394,0.714,0.391,0.386,0.501,0.567,0.642,0.669,0.485,0.659,0.689,0.676,0.624,0.578,0.604,0.684,0.393,0.439,0.447,0.36,0.658,0.0,0.66,0.618,0.384,0.488,0.67,0.39,0.711,0.366,0.599,0.677,0.383,0.384,0.401,0.582,0.584,0.389,0.422
0.446,0.448,0.33,0.726,0.42,0.418,0.374,0.702,0.416,0.682,0.394,1.0,0.4,0.741,0.847,0.386,0.411,0.394,0.403,0.37,0.387,0.397,0.403,0.431,0.426,0.421,0.403,0.722,0.472,0.433,0.666,0.416,0.0,0.38,0.381,0.599,0.374,0.422,0.67,0.396,0.679,0.409,0.405,0.701,0.695,0.449,0.42,0.422,0.647,0.46
0.455,0.588,0.335,0.396,0.691,0.602,0.5,0.398,0.455,0.408,0.714,0.4,1.0,0.391,0.391,0.515,0.585,0.693,0.716,0.497,0.699,0.768,0.764,0.633,0.59,0.619,0.736,0.404,0.456,0.465,0.368,0.706,0.0,0.746,0.589,0.385,0.501,0.708,0.38,0.756,0.371,0.618,0.712,0.392,0.389,0.415,0.621,0.623,0.4,0.439
0.422,0.413,0.32,0.761,0.416,0.413,0.376,0.731,0.419,0.71,0.391,0.741,0.391,1.0,0.769,0.383,0.395,0.401,0.398,0.372,0.388,0.395,0.402,0.407,0.411,0.406,0.404,0.758,0.474,0.416,0.713,0.41,0.0,0.384,0.378,0.621,0.376,0.407,0.686,0.395,0.717,0.407,0.402,0.745,0.734,0.455,0.407,0.408,0.667,0.468
0.416,0.402,0.316,0.761,0.402,0.408,0.36,0.692,0.416,0.692,0.386,0.847,0.391,0.769,1.0,0.364,0.393,0.388,0.399,0.356,0.37,0.392,0.387,0.402,0.404,0.397,0.387,0.723,0.464,0.413,0.683,0.402,0.0,0.366,0.373,0.612,0.36,0.395,0.677,0.393,0.686,0.393,0.399,0.697,0.69,0.446,0.408,0.41,0.659,0.467
0.456,0.508,0.332,0.38,0.523,0.537,0.948,0.389,0.446,0.383,0.501,0.386,0.515,0.383,0.364,1.0,0.512,0.553,0.535,0.944,0.538,0.537,0.542,0.528,0.523,0.522,0.52,0.392,0.421,0.448,0.365,0.504,0.0,0.522,0.508,0.395,0.947,0.51,0.391,0.508,0.364,0.526,0.509,0.384,0.377,0.398,0.515,0.517,0.375,0.418
0.458,0.712,0.342,0.402,0.61,0.683,0.51,0.419,0.447,0.394,0.567,0.411,0.585,0.395,0.393,0.512,1.0,0.577,0.568,0.512,0.584,0.587,0.596,0.722,0.72,0.728,0.58,0.409,0.434,0.445,0.389,0.629,0.0,0.587,0.66,0.402,0.512,0.579,0.414,0.57,0.394,0.665,0.594,0.418,0.422,0.411,0.681,0.682,0.395,0.444
0.453,0.585,0.344,0.391,0.652,0.598,0.556,0.413,0.459,0.394,0.642,0.394,0.693,0.401,0.388,0.553,0.577,1.0,0.723,0.552,0.703,0.709,0.719,0.594,0.58,0.588,0.703,0.404,0.431,0.453,0.379,0.679,0.0,0.68,0.56,0.398,0.555,0.654,0.419,0.687,0.376,0.612,0.681,0.405,0.399,0.416,0.61,0.612,0.391,0.444
0.462,0.573,0.323,0.4,0.652,0.591,0.531,0.41,0.448,0.405,0.669,0.403,0.716,0.398,0.399,0.535,0.568,0.723,1.0,0.527,0.715,0.722,0.711,0.607,0.581,0.599,0.694,0.403,0.441,0.447,0.37,0.676,0.0,0.681,0.574,0.408,0.528,0.67,0.405,0.695,0.369,0.603,0.676,0.399,0.397,0.404,0.587,0.589,0.402,0.433
0.442,0.506,0.334,0.369,0.512,0.52,0.984,0.376,0.437,0.369,0.485,0.37,0.497,0.372,0.356,0.944,0.512,0.552,0.527,1.0,0.558,0.527,0.547,0.511,0.508,0.507,0.515,0.377,0.407,0.434,0.362,0.516,0.0,0.513,0.494,0.38,0.99,0.502,0.387,0.495,0.362,0.513,0.511,0.379,0.376,0.396,0.504,0.505,0.361,0.42
0.445,0.593,0.333,0.381,0.677,0.576,0.559,0.39,0.433,0.377,0.659,0.387,0.699,0.388,0.37,0.538,0.584,0.703,0.715,0.558,1.0,0.719,0.742,0.595,0.578,0.593,0.71,0.389,0.419,0.438,0.363,0.708,0.0,0.708,0.552,0.387,0.557,0.684,0.399,0.706,0.372,0.592,0.698,0.396,0.395,0.415,0.608,0.609,0.377,0.437
0.451,0.579,0.329,0.393,0.666,0.594,0.531,0.396,0.447,0.398,0.689,0.397,0.768,0.395,0.392,0.537,0.587,0.709,0.722,0.527,0.719,1.0,0.905,0.605,0.587,0.585,0.72,0.404,0.432,0.443,0.369,0.699,0.0,0.859,0.562,0.392,0.53,0.696,0.396,0.726,0.371,0.593,0.728,0.392,0.386,0.411,0.596,0.598,0.406,0.441
0.449,0.599,0.337,0.394,0.684,0.593,0.555,0.405,0.443,0.391,0.676,0.403,0.764,0.402,0.387,0.542,0.596,0.719,0.711,0.547,0.742,0.905,1.0,0.604,0.586,0.58,0.743,0.407,0.431,0.435,0.382,0.72,0.0,0.859,0.559,0.394,0.55,0.715,0.414,0.719,0.381,0.598,0.733,0.411,0.402,0.418,0.604,0.605,0.395,0.449
0.488,0.791,0.339,0.416,0.626,0.792,0.516,0.436,0.456,0.429,0.624,0.431,0.633,0.407,0.402,0.528,0.722,0.594,0.607,0.511,0.595,0.605,0.604,1.0,0.82,0.742,0.61,0.429,0.458,0.47,0.389,0.609,0.0,0.593,0.796,0.401,0.515,0.598,0.413,0.614,0.393,0.708,0.596,0.42,0.418,0.416,0.689,0.691,0.413,0.439
0.474,0.79,0.341,0.427,0.617,0.813,0.513,0.428,0.44,0.414,0.578,0.426,0.59,0.411,0.404,0.523,0.72,0.58,0.581,0.508,0.578,0.587,0.586,0.82,1.0,0.73,0.583,0.43,0.437,0.458,0.388,0.606,0.0,0.568,0.778,0.393,0.513,0.591,0.414,0.582,0.39,0.691,0.585,0.429,0.425,0.406,0.681,0.683,0.432,0.434
0.475,0.691,0.332,0.418,0.621,0.699,0.508,0.427,0.455,0.417,0.604,0.421,0.619,0.406,0.397,0.522,0.728,0.588,0.599,0.507,0.593,0.585,0.58,0.742,0.73,1.0,0.59,0.421,0.453,0.466,0.392,0.604,0.0,0.571,0.687,0.399,0.51,0.586,0.404,0.607,0.394,0.684,0.578,0.417,0.415,0.418,0.692,0.694,0.426,0.444
0.447,0.6,0.335,0.393,0.704,0.589,0.52,0.404,0.453,0.4,0.684,0.403,0.736,0.404,0.387,0.52,0.58,0.703,0.694,0.515,0.71,0.72,0.743,0.61,0.583,0.59,1.0,0.4,0.43,0.447,0.385,0.714,0.0,0.716,0.558,0.381,0.519,0.811,0.398,0.743,0.381,0.604,0.828,0.404,0.398,0.416,0.602,0.602,0.397,0.448
0.432,0.428,0.319,0.76,0.419,0.427,0.381,0.917,0.426,0.706,0.393,0.722,0.404,0.758,0.723,0.392,0.409,0.404,0.403,0.377,0.389,0.404,0.407,0.429,0.43,0.421,0.4,1.0,0.471,0.436,0.709,0.41,0.0,0.387,0.393,0.623,0.38,0.422,0.675,0.406,0.719,0.412,0.403,0.958,0.927,0.454,0.418,0.42,0.691,0.463
0.523,0.446,0.37,0.456,0.448,0.445,0.41,0.469,0.513,0.475,0.439,0.472,0.456,0.474,0.464,0.421,0.434,0.431,0.441,0.407,0.419,0.432,0.431,0.458,0.437,0.453,0.43,0.471,1.0,0.495,0.453,0.436,0.0,0.424,0.434,0.453,0.409,0.433,0.447,0.444,0.446,0.433,0.426,0.461,0.455,0.557,0.434,0.436,0.463,0.802
0.59,0.451,0.39,0.434,0.46,0.46,0.436,0.436,0.62,0.434,0.447,0.433,0.465,0.416,0.413,0.448,0.445,0.453,0.447,0.434,0.438,0.443,0.435,0.47,0.458,0.466,0.447,0.436,0.495,1.0,0.406,0.433,0.0,0.429,0.435,0.419,0.437,0.448,0.416,0.468,0.409,0.462,0.446,0.425,0.424,0.476,0.455,0.457,0.434,0.496
0.398,0.398,0.32,0.706,0.386,0.389,0.367,0.698,0.405,0.716,0.36,0.666,0.368,0.713,0.683,0.365,0.389,0.379,0.37,0.362,0.363,0.369,0.382,0.389,0.388,0.392,0.385,0.709,0.453,0.406,1.0,0.385,0.0,0.368,0.357,0.599,0.366,0.381,0.665,0.373,0.891,0.388,0.383,0.71,0.7,0.44,0.39,0.39,0.652,0.452
0.45,0.62,0.346,0.41,0.687,0.596,0.516,0.418,0.439,0.392,0.658,0.416,0.706,0.41,0.402,0.504,0.629,0.679,0.676,0.516,0.708,0.699,0.72,0.609,0.606,0.604,0.714,0.41,0.436,0.433,0.385,1.0,0.0,0.692,0.554,0.381,0.516,0.724,0.421,0.705,0.381,0.606,0.729,0.416,0.418,0.426,0.626,0.627,0.397,0.434
0.0,0.0,0.0,0.0,0.0,0.0,0.0,0.0,0.0,0.0,0.0,0.0,0.0,0.0,0.0,0.0,0.0,0.0,0.0,0.0,0.0,0.0,0.0,0.0,0.0,0.0,0.0,0.0,0.0,0.0,0.0,0.0,1.0,0.0,0.0,0.0,0.0,0.0,0.0,0.0,0.0,0.0,0.0,0.0,0.0,0.0,0.0,0.0,0.0,0.0
0.436,0.576,0.333,0.369,0.677,0.584,0.517,0.391,0.43,0.378,0.66,0.38,0.746,0.384,0.366,0.522,0.587,0.68,0.681,0.513,0.708,0.859,0.859,0.593,0.568,0.571,0.716,0.387,0.424,0.429,0.368,0.692,0.0,1.0,0.55,0.386,0.516,0.696,0.402,0.701,0.366,0.594,0.729,0.388,0.384,0.406,0.6,0.601,0.383,0.432
0.447,0.732,0.309,0.381,0.586,0.758,0.496,0.399,0.433,0.394,0.618,0.381,0.589,0.378,0.373,0.508,0.66,0.56,0.574,0.494,0.552,0.562,0.559,0.796,0.778,0.687,0.558,0.393,0.434,0.435,0.357,0.554,0.0,0.55,1.0,0.368,0.497,0.551,0.372,0.565,0.355,0.654,0.557,0.384,0.381,0.379,0.645,0.647,0.376,0.411
0.427,0.387,0.323,0.631,0.38,0.407,0.384,0.611,0.417,0.623,0.384,0.599,0.385,0.621,0.612,0.395,0.402,0.398,0.408,0.38,0.387,0.392,0.394,0.401,0.393,0.399,0.381,0.623,0.453,0.419,0.599,0.381,0.0,0.386,0.368,1.0,0.384,0.383,0.629,0.397,0.602,0.39,0.376,0.609,0.604,0.423,0.386,0.388,0.602,0.45
0.445,0.505,0.334,0.373,0.517,0.522,0.987,0.379,0.44,0.373,0.488,0.374,0.501,0.376,0.36,0.947,0.512,0.555,0.528,0.99,0.557,0.53,0.55,0.515,0.513,0.51,0.519,0.38,0.409,0.437,0.366,0.516,0.0,0.516,0.497,0.384,1.0,0.507,0.391,0.497,0.362,0.518,0.512,0.381,0.375,0.397,0.507,0.508,0.365,0.421
0.467,0.619,0.343,0.394,0.705,0.591,0.505,0.434,0.441,0.398,0.67,0.422,0.708,0.407,0.395,0.51,0.579,0.654,0.67,0.502,0.684,0.696,0.715,0.598,0.591,0.586,0.811,0.422,0.433,0.448,0.381,0.724,0.0,0.696,0.551,0.383,0.507,1.0,0.41,0.718,0.385,0.602,0.853,0.427,0.42,0.428,0.61,0.61,0.407,0.45
0.416,0.411,0.319,0.679,0.41,0.419,0.394,0.679,0.404,0.667,0.39,0.67,0.38,0.686,0.677,0.391,0.414,0.419,0.405,0.387,0.399,0.396,0.414,0.413,0.414,0.404,0.398,0.675,0.447,0.416,0.665,0.421,0.0,0.402,0.372,0.629,0.391,0.41,1.0,0.41,0.663,0.415,0.409,0.678,0.677,0.435,0.403,0.404,0.635,0.463
0.462,0.583,0.346,0.396,0.686,0.59,0.497,0.407,0.456,0.404,0.711,0.396,0.756,0.395,0.393,0.508,0.57,0.687,0.695,0.495,0.706,0.726,0.719,0.614,0.582,0.607,0.743,0.406,0.444,0.468,0.373,0.705,0.0,0.701,0.565,0.397,0.497,0.718,0.41,1.0,0.377,0.605,0.727,0.4,0.401,0.424,0.608,0.61,0.406,0.449
0.4,0.406,0.331,0.708,0.395,0.391,0.363,0.691,0.404,0.707,0.366,0.679,0.371,0.717,0.686,0.364,0.394,0.376,0.369,0.362,0.372,0.371,0.381,0.393,0.39,0.394,0.381,0.719,0.446,0.409,0.891,0.381,0.0,0.366,0.355,0.602,0.362,0.385,0.663,0.377,1.0,0.391,0.386,0.722,0.72,0.443,0.394,0.394,0.649,0.452
0.463,0.675,0.343,0.397,0.64,0.676,0.517,0.416,0.465,0.404,0.599,0.409,0.618,0.407,0.393,0.526,0.665,0.612,0.603,0.513,0.592,0.593,0.598,0.708,0.691,0.684,0.604,0.412,0.433,0.462,0.388,0.606,0.0,0.594,0.654,0.39,0.518,0.602,0.415,0.605,0.391,1.0,0.627,0.412,0.406,0.41,0.716,0.717,0.395,0.435
0.451,0.6,0.345,0.389,0.708,0.59,0.511,0.414,0.452,0.395,0.677,0.405,0.712,0.402,0.399,0.509,0.594,0.681,0.676,0.511,0.698,0.728,0.733,0.596,0.585,0.578,0.828,0.403,0.426,0.446,0.383,0.729,0.0,0.729,0.557,0.376,0.512,0.853,0.409,0.727,0.386,0.627,1.0,0.404,0.404,0.424,0.609,0.609,0.397,0.449
0.417,0.435,0.325,0.741,0.421,0.419,0.382,0.903,0.412,0.685,0.383,0.701,0.392,0.745,0.697,0.384,0.418,0.405,0.399,0.379,0.396,0.392,0.411,0.42,0.429,0.417,0.404,0.958,0.461,0.425,0.71,0.416,0.0,0.388,0.384,0.609,0.381,0.427,0.678,0.4,0.722,0.412,0.404,1.0,0.949,0.454,0.418,0.419,0.674,0.465
0.427,0.449,0.323,0.732,0.422,0.414,0.376,0.885,0.412,0.687,0.384,0.695,0.389,0.734,0.69,0.377,0.422,0.399,0.397,0.376,0.395,0.386,0.402,0.418,0.425,0.415,0.398,0.927,0.455,0.424,0.7,0.418,0.0,0.384,0.381,0.604,0.375,0.42,0.677,0.401,0.72,0.406,0.404,0.949,1.0,0.451,0.418,0.419,0.661,0.463
0.475,0.421,0.36,0.441,0.423,0.411,0.395,0.448,0.485,0.436,0.401,0.449,0.415,0.455,0.446,0.398,0.411,0.416,0.404,0.396,0.415,0.411,0.418,0.416,0.406,0.418,0.416,0.454,0.557,0.476,0.44,0.426,0.0,0.406,0.379,0.423,0.397,0.428,0.435,0.424,0.443,0.41,0.424,0.454,0.451,1.0,0.436,0.436,0.446,0.622
0.457,0.676,0.349,0.404,0.65,0.68,0.506,0.425,0.453,0.396,0.582,0.42,0.621,0.407,0.408,0.515,0.681,0.61,0.587,0.504,0.608,0.596,0.604,0.689,0.681,0.692,0.602,0.418,0.434,0.455,0.39,0.626,0.0,0.6,0.645,0.386,0.507,0.61,0.403,0.608,0.394,0.716,0.609,0.418,0.418,0.436,1.0,0.997,0.396,0.446
0.459,0.677,0.349,0.406,0.651,0.682,0.507,0.427,0.454,0.398,0.584,0.422,0.623,0.408,0.41,0.517,0.682,0.612,0.589,0.505,0.609,0.598,0.605,0.691,0.683,0.694,0.602,0.42,0.436,0.457,0.39,0.627,0.0,0.601,0.647,0.388,0.508,0.61,0.404,0.61,0.394,0.717,0.609,0.419,0.419,0.436,0.997,1.0,0.398,0.447
0.427,0.421,0.334,0.675,0.411,0.424,0.365,0.67,0.418,0.67,0.389,0.647,0.4,0.667,0.659,0.375,0.395,0.391,0.402,0.361,0.377,0.406,0.395,0.413,0.432,0.426,0.397,0.691,0.463,0.434,0.652,0.397,0.0,0.383,0.376,0.602,0.365,0.407,0.635,0.406,0.649,0.395,0.397,0.674,0.661,0.446,0.396,0.398,1.0,0.453
0.521,0.449,0.384,0.453,0.441,0.444,0.419,0.469,0.533,0.447,0.422,0.46,0.439,0.468,0.467,0.418,0.444,0.444,0.433,0.42,0.437,0.441,0.449,0.439,0.434,0.444,0.448,0.463,0.802,0.496,0.452,0.434,0.0,0.432,0.411,0.45,0.421,0.45,0.463,0.449,0.452,0.435,0.449,0.465,0.463,0.622,0.446,0.447,0.453,1.0
