GCF_000163235.1_ASM16323v1_genomic.fna,GCF_000164555.1_ASM16455v1_genomic.fna,GCF_000208545.1_ASM20854v2_genomic.fna,GCF_000233875.1_ASM23387v1_genomic.fna,GCF_000249735.1_ASM24973v2_genomic.fna,GCF_000261145.1_Esch_coli_M919_V2_genomic.fna,GCF_000267705.2_ASM26770v2_genomic.fna,GCF_000350665.1_Esch_coli_KTE5_V1_genomic.fna,GCF_000351625.1_Esch_coli_KTE66_V1_genomic.fna,GCF_000352285.1_Esch_coli_KTE46_V1_genomic.fna,GCF_000358895.1_ASM35889v1_genomic.fna,GCF_000456385.1_Esch_coli_HVH_26_4-5703913_V1_genomic.fna,GCF_000458195.1_Esch_coli_HVH_147_4-5893887_V1_genomic.fna,GCF_000459755.1_Esch_coli_KOEGE_58_171a_V1_genomic.fna,GCF_000460055.1_Esch_coli_UMEA_3053-1_V1_genomic.fna,GCF_000462165.2_ASM46216v2_genomic.fna,GCF_000601135.1_ASM60113v1_genomic.fna,GCF_000614595.1_Ec2010EL1058_genomic.fna,GCF_000617745.1_Ec2010C-4529_genomic.fna,GCF_000618265.2_EcF6751_genomic.fna,GCF_000619005.2_Ec2009C-4052_genomic.fna,GCF_000619105.1_Ec2009C-4780_genomic.fna,GCF_000619765.2_Ec2009C-3279_genomic.fna,GCF_000687005.1_ASM68700v1_genomic.fna,GCF_000687025.1_ASM68702v1_genomic.fna,GCF_000700125.1_ASM70012v1_genomic.fna,GCF_000753315.1_FHI35_genomic.fna,GCF_000776375.1_ASM77637v1_genomic.fna,GCF_000779395.1_ASM77939v1_genomic.fna,GCF_000780315.1_ASM78031v1_genomic.fna,GCF_000781995.1_ASM78199v1_genomic.fna,GCF_000986765.1_ASM98676v1_genomic.fna,GCF_001041375.1_ViralProj287958_genomic.fna,GCF_001265335.1_302014_genomic.fna,GCF_001265625.1_100854_genomic.fna,GCF_001267345.1_303289_genomic.fna,GCF_001309985.1_ASM130998v1_genomic.fna,GCF_001521695.1_ASM152169v1_genomic.fna,GCF_001592595.1_ASM159259v1_genomic.fna,GCF_001614975.1_ASM161497v1_genomic.fna,GCF_001692775.1_ASM169277v1_genomic.fna,GCF_001748915.1_ASM174891v1_genomic.fna,GCF_001749235.1_ASM174923v1_genomic.fna,GCF_001881155.1_ASM188115v1_genomic.fna,GCF_001881345.1_ASM188134v1_genomic.fna,GCF_001892405.1_ASM189240v1_genomic.fna,GCF_001892585.1_ASM189258v1_genomic.fna,GCF_001893985.1_ASM189398v1_genomic.fna,GCF_002001595.1_ASM200159v1_genomic.fna,GCF_002002145.1_ASM200214v1_genomic.fna
1.0,0.474,0.397,0.412,0.47,0.478,0.466,0.441,0.596,0.429,0.453,0.427,0.452,0.423,0.402,0.467,0.472,0.476,0.471,0.465,0.456,0.446,0.457,0.461,0.457,0.46,0.475,0.432,0.507,0.577,0.407,0.463,0.0,0.44,0.415,0.415,0.465,0.493,0.406,0.46,0.416,0.453,0.47,0.422,0.431,0.465,0.45,0.455,0.416,0.524
0.474,1.0,0.344,0.411,0.621,0.77,0.519,0.425,0.472,0.442,0.602,0.433,0.608,0.42,0.414,0.522,0.7,0.608,0.602,0.518,0.591,0.59,0.589,0.784,0.8,0.706,0.595,0.418,0.461,0.472,0.404,0.597,0.0,0.579,0.735,0.417,0.52,0.619,0.395,0.599,0.409,0.647,0.6,0.411,0.416,0.398,0.661,0.656,0.429,0.448
0.397,0.344,1.0,0.314,0.342,0.347,0.323,0.327,0.387,0.321,0.333,0.313,0.339,0.323,0.306,0.322,0.351,0.348,0.335,0.322,0.343,0.338,0.342,0.341,0.337,0.337,0.344,0.319,0.363,0.386,0.31,0.351,0.0,0.337,0.305,0.332,0.322,0.35,0.327,0.352,0.327,0.349,0.355,0.322,0.317,0.325,0.344,0.347,0.318,0.372
0.412,0.411,0.314,1.0,0.398,0.402,0.385,0.681,0.41,0.712,0.405,0.716,0.402,0.763,0.748,0.384,0.392,0.409,0.389,0.382,0.379,0.387,0.384,0.409,0.414,0.406,0.387,0.73,0.461,0.388,0.689,0.39,0.0,0.372,0.369,0.6,0.383,0.397,0.628,0.406,0.707,0.374,0.39,0.704,0.7,0.396,0.379,0.38,0.666,0.461
0.47,0.621,0.342,0.398,1.0,0.632,0.515,0.427,0.467,0.42,0.735,0.419,0.702,0.415,0.417,0.519,0.611,0.65,0.668,0.514,0.684,0.67,0.682,0.605,0.607,0.603,0.689,0.412,0.438,0.463,0.409,0.677,0.0,0.663,0.574,0.427,0.513,0.702,0.413,0.672,0.424,0.626,0.692,0.407,0.414,0.403,0.639,0.643,0.423,0.433
0.478,0.77,0.347,0.402,0.632,1.0,0.529,0.436,0.487,0.424,0.591,0.416,0.6,0.418,0.414,0.529,0.69,0.622,0.621,0.528,0.596,0.593,0.605,0.765,0.777,0.675,0.601,0.427,0.464,0.477,0.4,0.613,0.0,0.591,0.726,0.436,0.528,0.631,0.435,0.595,0.413,0.662,0.617,0.413,0.42,0.415,0.675,0.682,0.433,0.461
0.466,0.519,0.323,0.385,0.515,0.529,1.0,0.392,0.48,0.382,0.51,0.398,0.523,0.401,0.388,0.962,0.519,0.547,0.541,0.989,0.535,0.548,0.552,0.53,0.518,0.51,0.518,0.388,0.443,0.458,0.373,0.519,0.0,0.52,0.491,0.428,0.991,0.515,0.391,0.522,0.371,0.509,0.514,0.378,0.38,0.394,0.498,0.495,0.387,0.443
0.441,0.425,0.327,0.681,0.427,0.436,0.392,1.0,0.424,0.694,0.394,0.678,0.414,0.686,0.674,0.389,0.414,0.42,0.419,0.392,0.404,0.395,0.411,0.409,0.417,0.412,0.413,0.901,0.46,0.4,0.688,0.413,0.0,0.387,0.369,0.603,0.39,0.444,0.657,0.414,0.69,0.4,0.417,0.884,0.868,0.408,0.395,0.399,0.645,0.459
0.596,0.472,0.387,0.41,0.467,0.487,0.48,0.424,1.0,0.432,0.471,0.417,0.47,0.424,0.42,0.478,0.484,0.478,0.471,0.48,0.456,0.477,0.478,0.476,0.47,0.463,0.478,0.417,0.509,0.619,0.406,0.471,0.0,0.462,0.429,0.433,0.479,0.477,0.404,0.486,0.408,0.463,0.488,0.404,0.402,0.446,0.471,0.47,0.42,0.518
0.429,0.442,0.321,0.712,0.42,0.424,0.382,0.694,0.432,1.0,0.413,0.683,0.436,0.711,0.695,0.389,0.409,0.422,0.401,0.38,0.399,0.403,0.4,0.417,0.42,0.424,0.412,0.704,0.469,0.407,0.723,0.398,0.0,0.398,0.377,0.629,0.38,0.426,0.659,0.422,0.717,0.388,0.411,0.681,0.689,0.388,0.399,0.4,0.683,0.46
0.453,0.602,0.333,0.405,0.735,0.591,0.51,0.394,0.471,0.413,1.0,0.397,0.738,0.404,0.398,0.514,0.59,0.684,0.667,0.509,0.672,0.689,0.672,0.63,0.591,0.611,0.664,0.397,0.43,0.462,0.388,0.655,0.0,0.663,0.612,0.42,0.511,0.673,0.386,0.711,0.39,0.59,0.69,0.383,0.384,0.38,0.598,0.594,0.401,0.424
0.427,0.433,0.313,0.716,0.419,0.416,0.398,0.678,0.417,0.683,0.397,1.0,0.399,0.736,0.863,0.397,0.409,0.412,0.409,0.395,0.388,0.393,0.4,0.406,0.407,0.414,0.396,0.707,0.464,0.418,0.662,0.405,0.0,0.389,0.366,0.61,0.396,0.416,0.649,0.401,0.69,0.392,0.406,0.683,0.684,0.4,0.397,0.398,0.658,0.468
0.452,0.608,0.339,0.402,0.702,0.6,0.523,0.414,0.47,0.436,0.738,0.399,1.0,0.407,0.399,0.522,0.599,0.71,0.717,0.521,0.731,0.776,0.77,0.617,0.602,0.609,0.733,0.414,0.445,0.463,0.392,0.7,0.0,0.755,0.573,0.426,0.521,0.724,0.401,0.761,0.396,0.601,0.732,0.402,0.402,0.39,0.609,0.605,0.418,0.44
0.423,0.42,0.323,0.763,0.415,0.418,0.401,0.686,0.424,0.711,0.404,0.736,0.407,1.0,0.774,0.399,0.407,0.421,0.406,0.4,0.396,0.398,0.402,0.4,0.406,0.409,0.403,0.734,0.465,0.409,0.704,0.402,0.0,0.388,0.369,0.617,0.4,0.42,0.663,0.41,0.726,0.388,0.409,0.713,0.707,0.41,0.399,0.402,0.672,0.464
0.402,0.414,0.306,0.748,0.417,0.414,0.388,0.674,0.42,0.695,0.398,0.863,0.399,0.774,1.0,0.386,0.404,0.41,0.405,0.388,0.393,0.393,0.399,0.391,0.4,0.406,0.401,0.715,0.454,0.403,0.695,0.4,0.0,0.384,0.36,0.617,0.387,0.409,0.677,0.406,0.716,0.386,0.409,0.69,0.688,0.406,0.402,0.406,0.67,0.473
0.467,0.522,0.322,0.384,0.519,0.529,0.962,0.389,0.478,0.389,0.514,0.397,0.522,0.399,0.386,1.0,0.518,0.535,0.537,0.96,0.524,0.543,0.54,0.528,0.521,0.514,0.511,0.386,0.443,0.461,0.37,0.511,0.0,0.519,0.493,0.428,0.965,0.512,0.39,0.522,0.372,0.505,0.509,0.376,0.383,0.393,0.498,0.495,0.389,0.445
0.472,0.7,0.351,0.392,0.611,0.69,0.519,0.414,0.484,0.409,0.59,0.409,0.599,0.407,0.404,0.518,1.0,0.611,0.601,0.514,0.593,0.609,0.602,0.714,0.708,0.731,0.592,0.407,0.452,0.458,0.383,0.619,0.0,0.598,0.654,0.431,0.516,0.6,0.412,0.601,0.389,0.639,0.606,0.399,0.41,0.388,0.667,0.666,0.406,0.446
0.476,0.608,0.348,0.409,0.65,0.622,0.547,0.42,0.478,0.422,0.684,0.412,0.71,0.421,0.41,0.535,0.611,1.0,0.75,0.544,0.702,0.741,0.729,0.614,0.6,0.609,0.694,0.418,0.451,0.47,0.399,0.679,0.0,0.688,0.574,0.447,0.542,0.68,0.405,0.697,0.402,0.604,0.694,0.409,0.409,0.388,0.613,0.61,0.406,0.452
0.471,0.602,0.335,0.389,0.668,0.621,0.541,0.419,0.471,0.401,0.667,0.409,0.717,0.406,0.405,0.537,0.601,0.75,1.0,0.54,0.731,0.738,0.736,0.598,0.586,0.598,0.703,0.415,0.438,0.459,0.398,0.698,0.0,0.7,0.549,0.424,0.538,0.695,0.404,0.702,0.398,0.596,0.704,0.406,0.409,0.4,0.608,0.61,0.399,0.448
0.465,0.518,0.322,0.382,0.514,0.528,0.989,0.392,0.48,0.38,0.509,0.395,0.521,0.4,0.388,0.96,0.514,0.544,0.54,1.0,0.534,0.547,0.55,0.525,0.517,0.506,0.516,0.388,0.44,0.457,0.372,0.518,0.0,0.52,0.487,0.424,0.989,0.513,0.389,0.521,0.37,0.509,0.514,0.377,0.378,0.394,0.498,0.495,0.387,0.441
0.456,0.591,0.343,0.379,0.684,0.596,0.535,0.404,0.456,0.399,0.672,0.388,0.731,0.396,0.393,0.524,0.593,0.702,0.731,0.534,1.0,0.729,0.745,0.579,0.575,0.593,0.722,0.403,0.42,0.456,0.389,0.713,0.0,0.725,0.539,0.429,0.532,0.705,0.408,0.71,0.398,0.589,0.714,0.391,0.393,0.399,0.604,0.605,0.402,0.441
0.446,0.59,0.338,0.387,0.67,0.593,0.548,0.395,0.477,0.403,0.689,0.393,0.776,0.398,0.393,0.543,0.609,0.741,0.738,0.547,0.729,1.0,0.928,0.593,0.598,0.59,0.715,0.393,0.438,0.455,0.378,0.707,0.0,0.864,0.549,0.427,0.548,0.708,0.399,0.727,0.378,0.589,0.726,0.385,0.385,0.387,0.592,0.588,0.398,0.446
0.457,0.589,0.342,0.384,0.682,0.605,0.552,0.411,0.478,0.4,0.672,0.4,0.77,0.402,0.399,0.54,0.602,0.729,0.736,0.55,0.745,0.928,1.0,0.582,0.587,0.585,0.731,0.407,0.437,0.455,0.386,0.719,0.0,0.862,0.54,0.429,0.55,0.719,0.41,0.717,0.392,0.597,0.731,0.397,0.395,0.39,0.594,0.597,0.406,0.448
0.461,0.784,0.341,0.409,0.605,0.765,0.53,0.409,0.476,0.417,0.63,0.406,0.617,0.4,0.391,0.528,0.714,0.614,0.598,0.525,0.579,0.593,0.582,1.0,0.808,0.716,0.593,0.395,0.452,0.466,0.38,0.596,0.0,0.582,0.781,0.416,0.528,0.596,0.391,0.605,0.386,0.65,0.595,0.385,0.392,0.397,0.663,0.658,0.389,0.444
0.457,0.8,0.337,0.414,0.607,0.777,0.518,0.417,0.47,0.42,0.591,0.407,0.602,0.406,0.4,0.521,0.708,0.6,0.586,0.517,0.575,0.598,0.587,0.808,1.0,0.722,0.583,0.401,0.453,0.465,0.385,0.604,0.0,0.578,0.761,0.415,0.52,0.594,0.393,0.602,0.388,0.641,0.591,0.4,0.397,0.397,0.658,0.655,0.409,0.439
0.46,0.706,0.337,0.406,0.603,0.675,0.51,0.412,0.463,0.424,0.611,0.414,0.609,0.409,0.406,0.514,0.731,0.609,0.598,0.506,0.593,0.59,0.585,0.716,0.722,1.0,0.581,0.407,0.433,0.458,0.388,0.593,0.0,0.57,0.655,0.427,0.508,0.592,0.403,0.612,0.388,0.64,0.583,0.402,0.406,0.388,0.666,0.662,0.425,0.436
0.475,0.595,0.344,0.387,0.689,0.601,0.518,0.413,0.478,0.412,0.664,0.396,0.733,0.403,0.401,0.511,0.592,0.694,0.703,0.516,0.722,0.715,0.731,0.593,0.583,0.581,1.0,0.406,0.451,0.456,0.404,0.737,0.0,0.698,0.543,0.415,0.517,0.805,0.399,0.729,0.412,0.61,0.814,0.403,0.401,0.411,0.59,0.593,0.41,0.454
0.432,0.418,0.319,0.73,0.412,0.427,0.388,0.901,0.417,0.704,0.397,0.707,0.414,0.734,0.715,0.386,0.407,0.418,0.415,0.388,0.403,0.393,0.407,0.395,0.401,0.407,0.406,1.0,0.459,0.397,0.699,0.418,0.0,0.389,0.361,0.614,0.387,0.433,0.662,0.41,0.72,0.392,0.413,0.956,0.938,0.405,0.388,0.392,0.668,0.454
0.507,0.461,0.363,0.461,0.438,0.464,0.443,0.46,0.509,0.469,0.43,0.464,0.445,0.465,0.454,0.443,0.452,0.451,0.438,0.44,0.42,0.438,0.437,0.452,0.453,0.433,0.451,0.459,1.0,0.474,0.433,0.446,0.0,0.423,0.414,0.457,0.442,0.452,0.428,0.446,0.438,0.426,0.446,0.446,0.447,0.536,0.427,0.431,0.452,0.815
0.577,0.472,0.386,0.388,0.463,0.477,0.458,0.4,0.619,0.407,0.462,0.418,0.463,0.409,0.403,0.461,0.458,0.47,0.459,0.457,0.456,0.455,0.455,0.466,0.465,0.458,0.456,0.397,0.474,1.0,0.384,0.445,0.0,0.443,0.425,0.41,0.457,0.474,0.394,0.474,0.398,0.449,0.471,0.386,0.384,0.443,0.468,0.467,0.407,0.492
0.407,0.404,0.31,0.689,0.409,0.4,0.373,0.688,0.406,0.723,0.388,0.662,0.392,0.704,0.695,0.37,0.383,0.399,0.398,0.372,0.389,0.378,0.386,0.38,0.385,0.388,0.404,0.699,0.433,0.384,1.0,0.388,0.0,0.373,0.347,0.605,0.371,0.405,0.653,0.401,0.88,0.382,0.397,0.686,0.682,0.397,0.382,0.386,0.643,0.439
0.463,0.597,0.351,0.39,0.677,0.613,0.519,0.413,0.471,0.398,0.655,0.405,0.7,0.402,0.4,0.511,0.619,0.679,0.698,0.518,0.713,0.707,0.719,0.596,0.604,0.593,0.737,0.418,0.446,0.445,0.388,1.0,0.0,0.694,0.551,0.409,0.518,0.738,0.426,0.726,0.394,0.621,0.736,0.419,0.424,0.413,0.613,0.615,0.399,0.443
0.0,0.0,0.0,0.0,0.0,0.0,0.0,0.0,0.0,0.0,0.0,0.0,0.0,0.0,0.0,0.0,0.0,0.0,0.0,0.0,0.0,0.0,0.0,0.0,0.0,0.0,0.0,0.0,0.0,0.0,0.0,0.0,1.0,0.0,0.0,0.0,0.0,0.0,0.0,0.0,0.0,0.0,0.0,0.0,0.0,0.0,0.0,0.0,0.0,0.0
0.44,0.579,0.337,0.372,0.663,0.591,0.52,0.387,0.462,0.398,0.663,0.389,0.755,0.388,0.384,0.519,0.598,0.688,0.7,0.52,0.725,0.864,0.862,0.582,0.578,0.57,0.698,0.389,0.423,0.443,0.373,0.694,0.0,1.0,0.539,0.43,0.519,0.702,0.403,0.711,0.372,0.586,0.712,0.379,0.38,0.378,0.588,0.588,0.394,0.438
0.415,0.735,0.305,0.369,0.574,0.726,0.491,0.369,0.429,0.377,0.612,0.366,0.573,0.369,0.36,0.493,0.654,0.574,0.549,0.487,0.539,0.549,0.54,0.781,0.761,0.655,0.543,0.361,0.414,0.425,0.347,0.551,0.0,0.539,1.0,0.387,0.491,0.55,0.362,0.569,0.351,0.601,0.555,0.351,0.357,0.361,0.611,0.605,0.358,0.405
0.415,0.417,0.332,0.6,0.427,0.436,0.428,0.603,0.433,0.629,0.42,0.61,0.426,0.617,0.617,0.428,0.431,0.447,0.424,0.424,0.429,0.427,0.429,0.416,0.415,0.427,0.415,0.614,0.457,0.41,0.605,0.409,0.0,0.43,0.387,1.0,0.425,0.418,0.618,0.422,0.612,0.406,0.425,0.6,0.602,0.389,0.408,0.41,0.606,0.464
0.465,0.52,0.322,0.383,0.513,0.528,0.991,0.39,0.479,0.38,0.511,0.396,0.521,0.4,0.387,0.965,0.516,0.542,0.538,0.989,0.532,0.548,0.55,0.528,0.52,0.508,0.517,0.387,0.442,0.457,0.371,0.518,0.0,0.519,0.491,0.425,1.0,0.512,0.39,0.522,0.369,0.508,0.513,0.377,0.378,0.393,0.497,0.494,0.386,0.441
0.493,0.619,0.35,0.397,0.702,0.631,0.515,0.444,0.477,0.426,0.673,0.416,0.724,0.42,0.409,0.512,0.6,0.68,0.695,0.513,0.705,0.708,0.719,0.596,0.594,0.592,0.805,0.433,0.452,0.474,0.405,0.738,0.0,0.702,0.55,0.418,0.512,1.0,0.423,0.721,0.417,0.615,0.839,0.425,0.417,0.412,0.621,0.625,0.423,0.456
0.406,0.395,0.327,0.628,0.413,0.435,0.391,0.657,0.404,0.659,0.386,0.649,0.401,0.663,0.677,0.39,0.412,0.405,0.404,0.389,0.408,0.399,0.41,0.391,0.393,0.403,0.399,0.662,0.428,0.394,0.653,0.426,0.0,0.403,0.362,0.618,0.39,0.423,1.0,0.402,0.662,0.404,0.417,0.665,0.67,0.397,0.399,0.404,0.631,0.432
0.46,0.599,0.352,0.406,0.672,0.595,0.522,0.414,0.486,0.422,0.711,0.401,0.761,0.41,0.406,0.522,0.601,0.697,0.702,0.521,0.71,0.727,0.717,0.605,0.602,0.612,0.729,0.41,0.446,0.474,0.401,0.726,0.0,0.711,0.569,0.422,0.522,0.721,0.402,1.0,0.402,0.597,0.73,0.401,0.408,0.401,0.623,0.622,0.405,0.454
0.416,0.409,0.327,0.707,0.424,0.413,0.371,0.69,0.408,0.717,0.39,0.69,0.396,0.726,0.716,0.372,0.389,0.402,0.398,0.37,0.398,0.378,0.392,0.386,0.388,0.388,0.412,0.72,0.438,0.398,0.88,0.394,0.0,0.372,0.351,0.612,0.369,0.417,0.662,0.402,1.0,0.395,0.399,0.717,0.713,0.405,0.386,0.391,0.651,0.447
0.453,0.647,0.349,0.374,0.626,0.662,0.509,0.4,0.463,0.388,0.59,0.392,0.601,0.388,0.386,0.505,0.639,0.604,0.596,0.509,0.589,0.589,0.597,0.65,0.641,0.64,0.61,0.392,0.426,0.449,0.382,0.621,0.0,0.586,0.601,0.406,0.508,0.615,0.404,0.597,0.395,1.0,0.634,0.395,0.39,0.392,0.679,0.681,0.392,0.43
0.47,0.6,0.355,0.39,0.692,0.617,0.514,0.417,0.488,0.411,0.69,0.406,0.732,0.409,0.409,0.509,0.606,0.694,0.704,0.514,0.714,0.726,0.731,0.595,0.591,0.583,0.814,0.413,0.446,0.471,0.397,0.736,0.0,0.712,0.555,0.425,0.513,0.839,0.417,0.73,0.399,0.634,1.0,0.404,0.403,0.407,0.605,0.609,0.412,0.453
0.422,0.411,0.322,0.704,0.407,0.413,0.378,0.884,0.404,0.681,0.383,0.683,0.402,0.713,0.69,0.376,0.399,0.409,0.406,0.377,0.391,0.385,0.397,0.385,0.4,0.402,0.403,0.956,0.446,0.386,0.686,0.419,0.0,0.379,0.351,0.6,0.377,0.425,0.665,0.401,0.717,0.395,0.404,1.0,0.959,0.411,0.381,0.386,0.655,0.445
0.431,0.416,0.317,0.7,0.414,0.42,0.38,0.868,0.402,0.689,0.384,0.684,0.402,0.707,0.688,0.383,0.41,0.409,0.409,0.378,0.393,0.385,0.395,0.392,0.397,0.406,0.401,0.938,0.447,0.384,0.682,0.424,0.0,0.38,0.357,0.602,0.378,0.417,0.67,0.408,0.713,0.39,0.403,0.959,1.0,0.412,0.388,0.394,0.652,0.443
0.465,0.398,0.325,0.396,0.403,0.415,0.394,0.408,0.446,0.388,0.38,0.4,0.39,0.41,0.406,0.393,0.388,0.388,0.4,0.394,0.399,0.387,0.39,0.397,0.397,0.388,0.411,0.405,0.536,0.443,0.397,0.413,0.0,0.378,0.361,0.389,0.393,0.412,0.397,0.401,0.405,0.392,0.407,0.411,0.412,1.0,0.419,0.427,0.396,0.61
0.45,0.661,0.344,0.379,0.639,0.675,0.498,0.395,0.471,0.399,0.598,0.397,0.609,0.399,0.402,0.498,0.667,0.613,0.608,0.498,0.604,0.592,0.594,0.663,0.658,0.666,0.59,0.388,0.427,0.468,0.382,0.613,0.0,0.588,0.611,0.408,0.497,0.621,0.399,0.623,0.386,0.679,0.605,0.381,0.388,0.419,1.0,0.99,0.401,0.449
0.455,0.656,0.347,0.38,0.643,0.682,0.495,0.399,0.47,0.4,0.594,0.398,0.605,0.402,0.406,0.495,0.666,0.61,0.61,0.495,0.605,0.588,0.597,0.658,0.655,0.662,0.593,0.392,0.431,0.467,0.386,0.615,0.0,0.588,0.605,0.41,0.494,0.625,0.404,0.622,0.391,0.681,0.609,0.386,0.394,0.427,0.99,1.0,0.402,0.454
0.416,0.429,0.318,0.666,0.423,0.433,0.387,0.645,0.42,0.683,0.401,0.658,0.418,0.672,0.67,0.389,0.406,0.406,0.399,0.387,0.402,0.398,0.406,0.389,0.409,0.425,0.41,0.668,0.452,0.407,0.643,0.399,0.0,0.394,0.358,0.606,0.386,0.423,0.631,0.405,0.651,0.392,0.412,0.655,0.652,0.396,0.401,0.402,1.0,0.461
0.524,0.448,0.372,0.461,0.433,0.461,0.443,0.459,0.518,0.46,0.424,0.468,0.44,0.464,0.473,0.445,0.446,0.452,0.448,0.441,0.441,0.446,0.448,0.444,0.439,0.436,0.454,0.454,0.815,0.492,0.439,0.443,0.0,0.438,0.405,0.464,0.441,0.456,0.432,0.454,0.447,0.43,0.453,0.445,0.443,0.61,0.449,0.454,0.461,1.0
