GCF_000163235.1_ASM16323v1_genomic.fna,GCF_000164555.1_ASM16455v1_genomic.fna,GCF_000208545.1_ASM20854v2_genomic.fna,GCF_000233875.1_ASM23387v1_genomic.fna,GCF_000249735.1_ASM24973v2_genomic.fna,GCF_000261145.1_Esch_coli_M919_V2_genomic.fna,GCF_000267705.2_ASM26770v2_genomic.fna,GCF_000350665.1_Esch_coli_KTE5_V1_genomic.fna,GCF_000351625.1_Esch_coli_KTE66_V1_genomic.fna,GCF_000352285.1_Esch_coli_KTE46_V1_genomic.fna,GCF_000358895.1_ASM35889v1_genomic.fna,GCF_000456385.1_Esch_coli_HVH_26_4-5703913_V1_genomic.fna,GCF_000458195.1_Esch_coli_HVH_147_4-5893887_V1_genomic.fna,GCF_000459755.1_Esch_coli_KOEGE_58_171a_V1_genomic.fna,GCF_000460055.1_Esch_coli_UMEA_3053-1_V1_genomic.fna,GCF_000462165.2_ASM46216v2_genomic.fna,GCF_000601135.1_ASM60113v1_genomic.fna,GCF_000614595.1_Ec2010EL1058_genomic.fna,GCF_000617745.1_Ec2010C-4529_genomic.fna,GCF_000618265.2_EcF6751_genomic.fna,GCF_000619005.2_Ec2009C-4052_genomic.fna,GCF_000619105.1_Ec2009C-4780_genomic.fna,GCF_000619765.2_Ec2009C-3279_genomic.fna,GCF_000687005.1_ASM68700v1_genomic.fna,GCF_000687025.1_ASM68702v1_genomic.fna,GCF_000700125.1_ASM70012v1_genomic.fna,GCF_000753315.1_FHI35_genomic.fna,GCF_000776375.1_ASM77637v1_genomic.fna,GCF_000779395.1_ASM77939v1_genomic.fna,GCF_000780315.1_ASM78031v1_genomic.fna,GCF_000781995.1_ASM78199v1_genomic.fna,GCF_000986765.1_ASM98676v1_genomic.fna,GCF_001041375.1_ViralProj287958_genomic.fna,GCF_001265335.1_302014_genomic.fna,GCF_001265625.1_100854_genomic.fna,GCF_001267345.1_303289_genomic.fna,GCF_001309985.1_ASM130998v1_genomic.fna,GCF_001521695.1_ASM152169v1_genomic.fna,GCF_001592595.1_ASM159259v1_genomic.fna,GCF_001614975.1_ASM161497v1_genomic.fna,GCF_001692775.1_ASM169277v1_genomic.fna,GCF_001748915.1_ASM174891v1_genomic.fna,GCF_001749235.1_ASM174923v1_genomic.fna,GCF_001881155.1_ASM188115v1_genomic.fna,GCF_001881345.1_ASM188134v1_genomic.fna,GCF_001892405.1_ASM189240v1_genomic.fna,GCF_001892585.1_ASM189258v1_genomic.fna,GCF_001893985.1_ASM189398v1_genomic.fna,GCF_002001595.1_ASM200159v1_genomic.fna,GCF_002002145.1_ASM200214v1_genomic.fna
1.0,0.564,0.484,0.505,0.568,0.558,0.544,0.526,0.641,0.527,0.544,0.524,0.553,0.511,0.489,0.553,0.562,0.547,0.54,0.542,0.53,0.537,0.553,0.58,0.563,0.562,0.546,0.52,0.582,0.646,0.502,0.555,0.0,0.547,0.519,0.491,0.548,0.566,0.501,0.558,0.518,0.56,0.548,0.521,0.53,0.535,0.542,0.542,0.493,0.589
0.564,1.0,0.438,0.496,0.688,0.801,0.597,0.515,0.542,0.502,0.644,0.518,0.673,0.492,0.485,0.6,0.74,0.657,0.664,0.595,0.649,0.662,0.667,0.81,0.823,0.742,0.663,0.507,0.565,0.552,0.491,0.692,0.0,0.665,0.757,0.481,0.596,0.681,0.486,0.668,0.5,0.734,0.667,0.518,0.532,0.526,0.732,0.732,0.508,0.563
0.484,0.438,1.0,0.402,0.427,0.434,0.422,0.411,0.48,0.415,0.413,0.414,0.425,0.404,0.396,0.426,0.436,0.424,0.424,0.419,0.413,0.423,0.432,0.443,0.438,0.423,0.427,0.409,0.461,0.473,0.401,0.434,0.0,0.432,0.404,0.405,0.425,0.432,0.415,0.438,0.408,0.445,0.439,0.415,0.417,0.44,0.433,0.431,0.402,0.476
0.505,0.496,0.402,1.0,0.488,0.482,0.452,0.724,0.503,0.785,0.502,0.763,0.513,0.804,0.793,0.463,0.492,0.481,0.49,0.45,0.459,0.482,0.489,0.526,0.513,0.495,0.503,0.768,0.527,0.498,0.736,0.492,0.0,0.472,0.497,0.654,0.454,0.498,0.705,0.486,0.741,0.483,0.496,0.749,0.745,0.5,0.475,0.473,0.704,0.536
0.568,0.688,0.427,0.488,1.0,0.688,0.6,0.513,0.564,0.494,0.775,0.502,0.755,0.497,0.486,0.614,0.7,0.716,0.721,0.597,0.695,0.727,0.733,0.698,0.701,0.693,0.729,0.507,0.577,0.557,0.489,0.735,0.0,0.726,0.665,0.492,0.601,0.748,0.503,0.756,0.5,0.703,0.746,0.502,0.507,0.512,0.691,0.688,0.494,0.568
0.558,0.801,0.434,0.482,0.688,1.0,0.61,0.517,0.547,0.496,0.641,0.496,0.673,0.487,0.475,0.609,0.725,0.677,0.668,0.606,0.652,0.668,0.69,0.796,0.814,0.73,0.664,0.502,0.569,0.545,0.48,0.695,0.0,0.69,0.764,0.494,0.607,0.686,0.531,0.669,0.493,0.755,0.667,0.505,0.507,0.519,0.737,0.734,0.49,0.574
0.544,0.597,0.422,0.452,0.6,0.61,1.0,0.466,0.539,0.45,0.58,0.455,0.59,0.451,0.444,0.948,0.599,0.636,0.616,0.985,0.621,0.618,0.636,0.607,0.606,0.599,0.583,0.46,0.531,0.534,0.443,0.604,0.0,0.603,0.572,0.476,0.985,0.573,0.47,0.597,0.444,0.611,0.582,0.462,0.463,0.496,0.597,0.594,0.443,0.55
0.526,0.515,0.411,0.724,0.513,0.517,0.466,1.0,0.516,0.73,0.488,0.748,0.518,0.748,0.725,0.477,0.513,0.496,0.505,0.463,0.468,0.491,0.494,0.535,0.522,0.517,0.508,0.92,0.55,0.518,0.744,0.501,0.0,0.489,0.483,0.643,0.466,0.542,0.706,0.514,0.739,0.507,0.51,0.903,0.885,0.522,0.491,0.49,0.681,0.558
0.641,0.542,0.48,0.503,0.564,0.547,0.539,0.516,1.0,0.528,0.54,0.501,0.563,0.503,0.494,0.55,0.546,0.555,0.548,0.538,0.522,0.55,0.554,0.566,0.558,0.538,0.558,0.513,0.584,0.665,0.499,0.543,0.0,0.548,0.528,0.51,0.544,0.553,0.499,0.562,0.501,0.56,0.569,0.512,0.51,0.54,0.546,0.544,0.492,0.6
0.527,0.502,0.415,0.785,0.494,0.496,0.45,0.73,0.528,1.0,0.521,0.738,0.526,0.768,0.738,0.464,0.494,0.485,0.489,0.449,0.457,0.484,0.483,0.529,0.513,0.492,0.512,0.747,0.545,0.508,0.765,0.482,0.0,0.481,0.497,0.674,0.453,0.514,0.712,0.495,0.756,0.491,0.51,0.729,0.728,0.51,0.477,0.477,0.717,0.544
0.544,0.644,0.413,0.502,0.775,0.641,0.58,0.488,0.54,0.521,1.0,0.486,0.772,0.505,0.481,0.594,0.656,0.712,0.715,0.577,0.666,0.722,0.716,0.702,0.676,0.669,0.731,0.489,0.542,0.527,0.472,0.707,0.0,0.697,0.698,0.502,0.58,0.719,0.494,0.754,0.467,0.68,0.739,0.474,0.475,0.488,0.643,0.64,0.497,0.55
0.524,0.518,0.414,0.763,0.502,0.496,0.455,0.748,0.501,0.738,0.486,1.0,0.507,0.766,0.854,0.467,0.499,0.483,0.494,0.451,0.474,0.484,0.486,0.533,0.521,0.51,0.502,0.766,0.547,0.507,0.726,0.492,0.0,0.485,0.479,0.648,0.455,0.514,0.705,0.494,0.742,0.493,0.505,0.752,0.753,0.521,0.487,0.486,0.689,0.556
0.553,0.673,0.425,0.513,0.755,0.673,0.59,0.518,0.563,0.526,0.772,0.507,1.0,0.52,0.501,0.601,0.678,0.751,0.781,0.588,0.731,0.806,0.805,0.716,0.69,0.682,0.789,0.517,0.565,0.558,0.498,0.754,0.0,0.791,0.682,0.511,0.591,0.775,0.51,0.811,0.498,0.683,0.791,0.502,0.501,0.504,0.67,0.667,0.515,0.57
0.511,0.492,0.404,0.804,0.497,0.487,0.451,0.748,0.503,0.768,0.505,0.766,0.52,1.0,0.797,0.463,0.494,0.481,0.494,0.45,0.454,0.486,0.486,0.528,0.51,0.494,0.508,0.789,0.547,0.5,0.757,0.488,0.0,0.473,0.487,0.665,0.454,0.51,0.713,0.494,0.763,0.489,0.505,0.765,0.759,0.51,0.477,0.476,0.718,0.545
0.489,0.485,0.396,0.793,0.486,0.475,0.444,0.725,0.494,0.738,0.481,0.854,0.501,0.797,1.0,0.452,0.489,0.468,0.481,0.442,0.455,0.474,0.475,0.512,0.502,0.489,0.489,0.76,0.535,0.496,0.743,0.479,0.0,0.466,0.473,0.657,0.445,0.503,0.704,0.484,0.752,0.48,0.497,0.739,0.737,0.511,0.481,0.48,0.698,0.555
0.553,0.6,0.426,0.463,0.614,0.609,0.948,0.477,0.55,0.464,0.594,0.467,0.601,0.463,0.452,1.0,0.612,0.635,0.621,0.945,0.596,0.625,0.632,0.618,0.615,0.605,0.587,0.47,0.542,0.545,0.456,0.595,0.0,0.597,0.58,0.484,0.953,0.587,0.475,0.606,0.451,0.612,0.588,0.465,0.466,0.493,0.596,0.594,0.457,0.556
0.562,0.74,0.436,0.492,0.7,0.725,0.599,0.513,0.546,0.494,0.656,0.499,0.678,0.494,0.489,0.612,1.0,0.663,0.663,0.595,0.641,0.684,0.678,0.762,0.764,0.769,0.68,0.504,0.56,0.54,0.492,0.703,0.0,0.674,0.714,0.503,0.596,0.672,0.504,0.674,0.491,0.728,0.68,0.501,0.505,0.485,0.712,0.709,0.492,0.554
0.547,0.657,0.424,0.481,0.716,0.677,0.636,0.496,0.555,0.485,0.712,0.483,0.751,0.481,0.468,0.635,0.663,1.0,0.796,0.629,0.739,0.794,0.79,0.68,0.677,0.669,0.748,0.49,0.556,0.549,0.482,0.735,0.0,0.751,0.647,0.507,0.632,0.721,0.503,0.758,0.478,0.68,0.739,0.487,0.487,0.501,0.658,0.656,0.473,0.567
0.54,0.664,0.424,0.49,0.721,0.668,0.616,0.505,0.548,0.489,0.715,0.494,0.781,0.494,0.481,0.621,0.663,0.796,1.0,0.61,0.749,0.798,0.794,0.692,0.692,0.681,0.772,0.498,0.56,0.55,0.488,0.746,0.0,0.754,0.661,0.501,0.613,0.754,0.507,0.775,0.482,0.679,0.759,0.487,0.488,0.5,0.652,0.649,0.482,0.569
0.542,0.595,0.419,0.45,0.597,0.606,0.985,0.463,0.538,0.449,0.577,0.451,0.588,0.45,0.442,0.945,0.595,0.629,0.61,1.0,0.615,0.613,0.631,0.603,0.601,0.595,0.579,0.458,0.529,0.531,0.44,0.6,0.0,0.596,0.566,0.471,0.984,0.57,0.462,0.596,0.441,0.607,0.579,0.457,0.459,0.495,0.595,0.593,0.441,0.548
0.53,0.649,0.413,0.459,0.695,0.652,0.621,0.468,0.522,0.457,0.666,0.474,0.731,0.454,0.455,0.596,0.641,0.739,0.749,0.615,1.0,0.76,0.782,0.645,0.656,0.652,0.726,0.465,0.526,0.522,0.455,0.735,0.0,0.755,0.608,0.466,0.614,0.72,0.485,0.742,0.468,0.643,0.732,0.467,0.472,0.509,0.658,0.659,0.45,0.545
0.537,0.662,0.423,0.482,0.727,0.668,0.618,0.491,0.55,0.484,0.722,0.484,0.806,0.486,0.474,0.625,0.684,0.794,0.798,0.613,0.76,1.0,0.925,0.679,0.68,0.665,0.772,0.488,0.552,0.539,0.488,0.761,0.0,0.875,0.65,0.49,0.618,0.755,0.503,0.786,0.482,0.677,0.78,0.484,0.482,0.498,0.663,0.66,0.474,0.56
0.553,0.667,0.432,0.489,0.733,0.69,0.636,0.494,0.554,0.483,0.716,0.486,0.805,0.486,0.475,0.632,0.678,0.79,0.794,0.631,0.782,0.925,1.0,0.677,0.682,0.668,0.774,0.492,0.553,0.545,0.485,0.777,0.0,0.881,0.647,0.491,0.635,0.751,0.505,0.781,0.488,0.688,0.77,0.495,0.495,0.502,0.672,0.669,0.473,0.559
0.58,0.81,0.443,0.526,0.698,0.796,0.607,0.535,0.566,0.529,0.702,0.533,0.716,0.528,0.512,0.618,0.762,0.68,0.692,0.603,0.645,0.679,0.677,1.0,0.846,0.77,0.697,0.527,0.57,0.565,0.507,0.697,0.0,0.667,0.816,0.531,0.606,0.688,0.515,0.694,0.505,0.752,0.698,0.511,0.523,0.513,0.714,0.711,0.528,0.572
0.563,0.823,0.438,0.513,0.701,0.814,0.606,0.522,0.558,0.513,0.676,0.521,0.69,0.51,0.502,0.615,0.764,0.677,0.692,0.601,0.656,0.68,0.682,0.846,1.0,0.784,0.692,0.52,0.575,0.551,0.502,0.706,0.0,0.669,0.806,0.51,0.605,0.695,0.518,0.688,0.502,0.751,0.696,0.517,0.521,0.506,0.717,0.715,0.528,0.57
0.562,0.742,0.423,0.495,0.693,0.73,0.599,0.517,0.538,0.492,0.669,0.51,0.682,0.494,0.489,0.605,0.769,0.669,0.681,0.595,0.652,0.665,0.668,0.77,0.784,1.0,0.68,0.505,0.561,0.545,0.493,0.674,0.0,0.656,0.717,0.498,0.596,0.678,0.503,0.688,0.488,0.741,0.673,0.511,0.509,0.499,0.711,0.707,0.508,0.56
0.546,0.663,0.427,0.503,0.729,0.664,0.583,0.508,0.558,0.512,0.731,0.502,0.789,0.508,0.489,0.587,0.68,0.748,0.772,0.579,0.726,0.772,0.774,0.697,0.692,0.68,1.0,0.509,0.564,0.544,0.495,0.764,0.0,0.75,0.66,0.51,0.583,0.833,0.507,0.789,0.493,0.674,0.845,0.5,0.494,0.506,0.658,0.655,0.504,0.564
0.52,0.507,0.409,0.768,0.507,0.502,0.46,0.92,0.513,0.747,0.489,0.766,0.517,0.789,0.76,0.47,0.504,0.49,0.498,0.458,0.465,0.488,0.492,0.527,0.52,0.505,0.509,1.0,0.544,0.507,0.755,0.499,0.0,0.483,0.48,0.65,0.461,0.534,0.715,0.502,0.767,0.496,0.507,0.963,0.935,0.517,0.488,0.487,0.701,0.549
0.582,0.565,0.461,0.527,0.577,0.569,0.531,0.55,0.584,0.545,0.542,0.547,0.565,0.547,0.535,0.542,0.56,0.556,0.56,0.529,0.526,0.552,0.553,0.57,0.575,0.561,0.564,0.544,1.0,0.572,0.532,0.556,0.0,0.548,0.53,0.523,0.532,0.57,0.534,0.57,0.526,0.559,0.559,0.534,0.537,0.619,0.537,0.537,0.518,0.854
0.646,0.552,0.473,0.498,0.557,0.545,0.534,0.518,0.665,0.508,0.527,0.507,0.558,0.5,0.496,0.545,0.54,0.549,0.55,0.531,0.522,0.539,0.545,0.565,0.551,0.545,0.544,0.507,0.572,1.0,0.498,0.543,0.0,0.536,0.517,0.502,0.538,0.546,0.497,0.562,0.512,0.563,0.549,0.51,0.509,0.553,0.549,0.545,0.498,0.586
0.502,0.491,0.401,0.736,0.489,0.48,0.443,0.744,0.499,0.765,0.472,0.726,0.498,0.757,0.743,0.456,0.492,0.482,0.488,0.44,0.455,0.488,0.485,0.507,0.502,0.493,0.495,0.755,0.532,0.498,1.0,0.486,0.0,0.476,0.464,0.646,0.446,0.504,0.689,0.493,0.89,0.488,0.494,0.745,0.74,0.508,0.472,0.47,0.685,0.532
0.555,0.692,0.434,0.492,0.735,0.695,0.604,0.501,0.543,0.482,0.707,0.492,0.754,0.488,0.479,0.595,0.703,0.735,0.746,0.6,0.735,0.761,0.777,0.697,0.706,0.674,0.764,0.499,0.556,0.543,0.486,1.0,0.0,0.757,0.655,0.476,0.603,0.779,0.51,0.778,0.491,0.716,0.773,0.5,0.51,0.508,0.7,0.696,0.479,0.555
0.0,0.0,0.0,0.0,0.0,0.0,0.0,0.0,0.0,0.0,0.0,0.0,0.0,0.0,0.0,0.0,0.0,0.0,0.0,0.0,0.0,0.0,0.0,0.0,0.0,0.0,0.0,0.0,0.0,0.0,0.0,0.0,1.0,0.0,0.0,0.0,0.0,0.0,0.0,0.0,0.0,0.0,0.0,0.0,0.0,0.0,0.0,0.0,0.0,0.0
0.547,0.665,0.432,0.472,0.726,0.69,0.603,0.489,0.548,0.481,0.697,0.485,0.791,0.473,0.466,0.597,0.674,0.751,0.754,0.596,0.755,0.875,0.881,0.667,0.669,0.656,0.75,0.483,0.548,0.536,0.476,0.757,0.0,1.0,0.645,0.493,0.603,0.75,0.508,0.766,0.481,0.679,0.766,0.485,0.494,0.501,0.669,0.666,0.47,0.555
0.519,0.757,0.404,0.497,0.665,0.764,0.572,0.483,0.528,0.497,0.698,0.479,0.682,0.487,0.473,0.58,0.714,0.647,0.661,0.566,0.608,0.65,0.647,0.816,0.806,0.717,0.66,0.48,0.53,0.517,0.464,0.655,0.0,0.645,1.0,0.492,0.571,0.651,0.482,0.657,0.458,0.707,0.669,0.462,0.468,0.474,0.671,0.668,0.481,0.526
0.491,0.481,0.405,0.654,0.492,0.494,0.476,0.643,0.51,0.674,0.502,0.648,0.511,0.665,0.657,0.484,0.503,0.507,0.501,0.471,0.466,0.49,0.491,0.531,0.51,0.498,0.51,0.65,0.523,0.502,0.646,0.476,0.0,0.493,0.492,1.0,0.472,0.495,0.686,0.496,0.651,0.482,0.506,0.632,0.634,0.502,0.466,0.463,0.643,0.53
0.548,0.596,0.425,0.454,0.601,0.607,0.985,0.466,0.544,0.453,0.58,0.455,0.591,0.454,0.445,0.953,0.596,0.632,0.613,0.984,0.614,0.618,0.635,0.606,0.605,0.596,0.583,0.461,0.532,0.538,0.446,0.603,0.0,0.603,0.571,0.472,1.0,0.574,0.467,0.599,0.447,0.609,0.581,0.46,0.462,0.495,0.595,0.593,0.444,0.55
0.566,0.681,0.432,0.498,0.748,0.686,0.573,0.542,0.553,0.514,0.719,0.514,0.775,0.51,0.503,0.587,0.672,0.721,0.754,0.57,0.72,0.755,0.751,0.688,0.695,0.678,0.833,0.534,0.57,0.546,0.504,0.779,0.0,0.75,0.651,0.495,0.574,1.0,0.523,0.797,0.509,0.689,0.867,0.53,0.512,0.518,0.689,0.688,0.507,0.568
0.501,0.486,0.415,0.705,0.503,0.531,0.47,0.706,0.499,0.712,0.494,0.705,0.51,0.713,0.704,0.475,0.504,0.503,0.507,0.462,0.485,0.503,0.505,0.515,0.518,0.503,0.507,0.715,0.534,0.497,0.689,0.51,0.0,0.508,0.482,0.686,0.467,0.523,1.0,0.507,0.683,0.5,0.518,0.703,0.705,0.5,0.499,0.496,0.673,0.538
0.558,0.668,0.438,0.486,0.756,0.669,0.597,0.514,0.562,0.495,0.754,0.494,0.811,0.494,0.484,0.606,0.674,0.758,0.775,0.596,0.742,0.786,0.781,0.694,0.688,0.688,0.789,0.502,0.57,0.562,0.493,0.778,0.0,0.766,0.657,0.496,0.599,0.797,0.507,1.0,0.486,0.685,0.802,0.491,0.494,0.517,0.68,0.679,0.49,0.575
0.518,0.5,0.408,0.741,0.5,0.493,0.444,0.739,0.501,0.756,0.467,0.742,0.498,0.763,0.752,0.451,0.491,0.478,0.482,0.441,0.468,0.482,0.488,0.505,0.502,0.488,0.493,0.767,0.526,0.512,0.89,0.491,0.0,0.481,0.458,0.651,0.447,0.509,0.683,0.486,1.0,0.497,0.489,0.771,0.767,0.519,0.48,0.478,0.684,0.535
0.56,0.734,0.445,0.483,0.703,0.755,0.611,0.507,0.56,0.491,0.68,0.493,0.683,0.489,0.48,0.612,0.728,0.68,0.679,0.607,0.643,0.677,0.688,0.752,0.751,0.741,0.674,0.496,0.559,0.563,0.488,0.716,0.0,0.679,0.707,0.482,0.609,0.689,0.5,0.685,0.497,1.0,0.701,0.501,0.498,0.501,0.75,0.746,0.491,0.562
0.548,0.667,0.439,0.496,0.746,0.667,0.582,0.51,0.569,0.51,0.739,0.505,0.791,0.505,0.497,0.588,0.68,0.739,0.759,0.579,0.732,0.78,0.77,0.698,0.696,0.673,0.845,0.507,0.559,0.549,0.494,0.773,0.0,0.766,0.669,0.506,0.581,0.867,0.518,0.802,0.489,0.701,1.0,0.493,0.493,0.506,0.678,0.675,0.505,0.561
0.521,0.518,0.415,0.749,0.502,0.505,0.462,0.903,0.512,0.729,0.474,0.752,0.502,0.765,0.739,0.465,0.501,0.487,0.487,0.457,0.467,0.484,0.495,0.511,0.517,0.511,0.5,0.963,0.534,0.51,0.745,0.5,0.0,0.485,0.462,0.632,0.46,0.53,0.703,0.491,0.771,0.501,0.493,1.0,0.95,0.523,0.493,0.492,0.693,0.544
0.53,0.532,0.417,0.745,0.507,0.507,0.463,0.885,0.51,0.728,0.475,0.753,0.501,0.759,0.737,0.466,0.505,0.487,0.488,0.459,0.472,0.482,0.495,0.523,0.521,0.509,0.494,0.935,0.537,0.509,0.74,0.51,0.0,0.494,0.468,0.634,0.462,0.512,0.705,0.494,0.767,0.498,0.493,0.95,1.0,0.523,0.504,0.504,0.686,0.541
0.535,0.526,0.44,0.5,0.512,0.519,0.496,0.522,0.54,0.51,0.488,0.521,0.504,0.51,0.511,0.493,0.485,0.501,0.5,0.495,0.509,0.498,0.502,0.513,0.506,0.499,0.506,0.517,0.619,0.553,0.508,0.508,0.0,0.501,0.474,0.502,0.495,0.518,0.5,0.517,0.519,0.501,0.506,0.523,0.523,1.0,0.522,0.524,0.494,0.67
0.542,0.732,0.433,0.475,0.691,0.737,0.597,0.491,0.546,0.477,0.643,0.487,0.67,0.477,0.481,0.596,0.712,0.658,0.652,0.595,0.658,0.663,0.672,0.714,0.717,0.711,0.658,0.488,0.537,0.549,0.472,0.7,0.0,0.669,0.671,0.466,0.595,0.689,0.499,0.68,0.48,0.75,0.678,0.493,0.504,0.522,1.0,0.995,0.473,0.567
0.542,0.732,0.431,0.473,0.688,0.734,0.594,0.49,0.544,0.477,0.64,0.486,0.667,0.476,0.48,0.594,0.709,0.656,0.649,0.593,0.659,0.66,0.669,0.711,0.715,0.707,0.655,0.487,0.537,0.545,0.47,0.696,0.0,0.666,0.668,0.463,0.593,0.688,0.496,0.679,0.478,0.746,0.675,0.492,0.504,0.524,0.995,1.0,0.471,0.564
0.493,0.508,0.402,0.704,0.494,0.49,0.443,0.681,0.492,0.717,0.497,0.689,0.515,0.718,0.698,0.457,0.492,0.473,0.482,0.441,0.45,0.474,0.473,0.528,0.528,0.508,0.504,0.701,0.518,0.498,0.685,0.479,0.0,0.47,0.481,0.643,0.444,0.507,0.673,0.49,0.684,0.491,0.505,0.693,0.686,0.494,0.473,0.471,1.0,0.524
0.589,0.563,0.476,0.536,0.568,0.574,0.55,0.558,0.6,0.544,0.55,0.556,0.57,0.545,0.555,0.556,0.554,0.567,0.569,0.548,0.545,0.56,0.559,0.572,0.57,0.56,0.564,0.549,0.854,0.586,0.532,0.555,0.0,0.555,0.526,0.53,0.55,0.568,0.538,0.575,0.535,0.562,0.561,0.544,0.541,0.67,0.567,0.564,0.524,1.0
