GCF_000163235.1_ASM16323v1_genomic.fna,GCF_000164555.1_ASM16455v1_genomic.fna,GCF_000208545.1_ASM20854v2_genomic.fna,GCF_000233875.1_ASM23387v1_genomic.fna,GCF_000249735.1_ASM24973v2_genomic.fna,GCF_000261145.1_Esch_coli_M919_V2_genomic.fna,GCF_000267705.2_ASM26770v2_genomic.fna,GCF_000350665.1_Esch_coli_KTE5_V1_genomic.fna,GCF_000351625.1_Esch_coli_KTE66_V1_genomic.fna,GCF_000352285.1_Esch_coli_KTE46_V1_genomic.fna,GCF_000358895.1_ASM35889v1_genomic.fna,GCF_000456385.1_Esch_coli_HVH_26_4-5703913_V1_genomic.fna,GCF_000458195.1_Esch_coli_HVH_147_4-5893887_V1_genomic.fna,GCF_000459755.1_Esch_coli_KOEGE_58_171a_V1_genomic.fna,GCF_000460055.1_Esch_coli_UMEA_3053-1_V1_genomic.fna,GCF_000462165.2_ASM46216v2_genomic.fna,GCF_000601135.1_ASM60113v1_genomic.fna,GCF_000614595.1_Ec2010EL1058_genomic.fna,GCF_000617745.1_Ec2010C-4529_genomic.fna,GCF_000618265.2_EcF6751_genomic.fna,GCF_000619005.2_Ec2009C-4052_genomic.fna,GCF_000619105.1_Ec2009C-4780_genomic.fna,GCF_000619765.2_Ec2009C-3279_genomic.fna,GCF_000687005.1_ASM68700v1_genomic.fna,GCF_000687025.1_ASM68702v1_genomic.fna,GCF_000700125.1_ASM70012v1_genomic.fna,GCF_000753315.1_FHI35_genomic.fna,GCF_000776375.1_ASM77637v1_genomic.fna,GCF_000779395.1_ASM77939v1_genomic.fna,GCF_000780315.1_ASM78031v1_genomic.fna,GCF_000781995.1_ASM78199v1_genomic.fna,GCF_000986765.1_ASM98676v1_genomic.fna,GCF_001041375.1_ViralProj287958_genomic.fna,GCF_001265335.1_302014_genomic.fna,GCF_001265625.1_100854_genomic.fna,GCF_001267345.1_303289_genomic.fna,GCF_001309985.1_ASM130998v1_genomic.fna,GCF_001521695.1_ASM152169v1_genomic.fna,GCF_001592595.1_ASM159259v1_genomic.fna,GCF_001614975.1_ASM161497v1_genomic.fna,GCF_001692775.1_ASM169277v1_genomic.fna,GCF_001748915.1_ASM174891v1_genomic.fna,GCF_001749235.1_ASM174923v1_genomic.fna,GCF_001881155.1_ASM188115v1_genomic.fna,GCF_001881345.1_ASM188134v1_genomic.fna,GCF_001892405.1_ASM189240v1_genomic.fna,GCF_001892585.1_ASM189258v1_genomic.fna,GCF_001893985.1_ASM189398v1_genomic.fna,GCF_002001595.1_ASM200159v1_genomic.fna,GCF_002002145.1_ASM200214v1_genomic.fna
1.0,0.481,0.384,0.427,0.485,0.468,0.459,0.437,0.584,0.424,0.469,0.453,0.467,0.399,0.41,0.469,0.466,0.468,0.466,0.457,0.462,0.464,0.488,0.458,0.462,0.456,0.47,0.425,0.529,0.582,0.408,0.472,0.0,0.474,0.439,0.414,0.457,0.485,0.419,0.48,0.423,0.455,0.472,0.433,0.444,0.474,0.458,0.459,0.401,0.547
0.481,1.0,0.353,0.387,0.619,0.758,0.482,0.396,0.438,0.385,0.581,0.415,0.568,0.364,0.379,0.491,0.682,0.588,0.576,0.48,0.573,0.572,0.589,0.762,0.78,0.704,0.576,0.387,0.444,0.433,0.368,0.605,0.0,0.576,0.734,0.385,0.478,0.607,0.387,0.585,0.378,0.639,0.586,0.41,0.401,0.401,0.665,0.667,0.4,0.448
0.384,0.353,1.0,0.305,0.342,0.329,0.321,0.312,0.354,0.305,0.33,0.329,0.338,0.304,0.319,0.321,0.347,0.336,0.32,0.321,0.334,0.333,0.339,0.327,0.326,0.331,0.336,0.317,0.376,0.391,0.304,0.355,0.0,0.341,0.305,0.298,0.321,0.346,0.324,0.35,0.315,0.336,0.341,0.332,0.317,0.351,0.343,0.343,0.325,0.391
0.427,0.387,0.305,1.0,0.38,0.384,0.346,0.696,0.403,0.708,0.381,0.709,0.385,0.731,0.746,0.354,0.378,0.377,0.384,0.345,0.364,0.394,0.395,0.394,0.401,0.388,0.385,0.739,0.433,0.403,0.714,0.372,0.0,0.381,0.381,0.613,0.344,0.393,0.641,0.375,0.721,0.363,0.387,0.712,0.711,0.399,0.365,0.366,0.646,0.449
0.485,0.619,0.342,0.38,1.0,0.634,0.489,0.42,0.455,0.389,0.765,0.407,0.69,0.39,0.404,0.501,0.622,0.649,0.67,0.487,0.657,0.665,0.661,0.621,0.618,0.62,0.684,0.401,0.457,0.45,0.379,0.661,0.0,0.66,0.606,0.397,0.486,0.71,0.403,0.707,0.393,0.621,0.7,0.403,0.409,0.405,0.631,0.634,0.395,0.441
0.468,0.758,0.329,0.384,0.634,1.0,0.492,0.414,0.456,0.376,0.589,0.405,0.577,0.373,0.383,0.497,0.689,0.607,0.582,0.487,0.572,0.59,0.607,0.769,0.788,0.677,0.573,0.392,0.453,0.433,0.364,0.601,0.0,0.602,0.757,0.4,0.487,0.599,0.422,0.589,0.378,0.657,0.6,0.401,0.404,0.402,0.677,0.68,0.389,0.445
0.459,0.482,0.321,0.346,0.489,0.492,1.0,0.369,0.429,0.345,0.479,0.359,0.48,0.346,0.347,0.954,0.482,0.538,0.52,0.987,0.533,0.517,0.537,0.488,0.481,0.484,0.489,0.361,0.404,0.429,0.345,0.503,0.0,0.503,0.466,0.361,0.985,0.483,0.374,0.499,0.353,0.496,0.493,0.367,0.37,0.381,0.484,0.484,0.339,0.42
0.437,0.396,0.312,0.696,0.42,0.414,0.369,1.0,0.42,0.689,0.385,0.702,0.399,0.691,0.708,0.376,0.396,0.394,0.405,0.368,0.381,0.405,0.405,0.411,0.412,0.397,0.399,0.894,0.452,0.422,0.696,0.389,0.0,0.407,0.383,0.602,0.367,0.429,0.67,0.412,0.696,0.387,0.408,0.892,0.894,0.417,0.392,0.394,0.655,0.457
0.584,0.438,0.354,0.403,0.455,0.456,0.429,0.42,1.0,0.399,0.44,0.421,0.453,0.395,0.414,0.437,0.45,0.444,0.451,0.428,0.429,0.452,0.463,0.443,0.436,0.432,0.455,0.409,0.506,0.594,0.397,0.437,0.0,0.453,0.434,0.43,0.426,0.451,0.413,0.462,0.403,0.437,0.46,0.415,0.414,0.467,0.439,0.44,0.406,0.525
0.424,0.385,0.305,0.708,0.389,0.376,0.345,0.689,0.399,1.0,0.402,0.661,0.399,0.7,0.686,0.355,0.371,0.371,0.375,0.344,0.351,0.386,0.374,0.399,0.392,0.383,0.391,0.712,0.432,0.403,0.71,0.359,0.0,0.374,0.387,0.607,0.343,0.401,0.645,0.385,0.708,0.361,0.384,0.682,0.691,0.39,0.37,0.371,0.636,0.435
0.469,0.581,0.33,0.381,0.765,0.589,0.479,0.385,0.44,0.402,1.0,0.384,0.737,0.395,0.389,0.492,0.588,0.656,0.66,0.476,0.658,0.684,0.664,0.637,0.61,0.619,0.692,0.392,0.428,0.43,0.36,0.643,0.0,0.661,0.646,0.399,0.474,0.686,0.39,0.701,0.367,0.593,0.699,0.377,0.377,0.39,0.587,0.588,0.375,0.432
0.453,0.415,0.329,0.709,0.407,0.405,0.359,0.702,0.421,0.661,0.384,1.0,0.391,0.693,0.832,0.366,0.398,0.388,0.391,0.356,0.384,0.39,0.402,0.39,0.396,0.394,0.39,0.701,0.456,0.425,0.662,0.393,0.0,0.396,0.374,0.577,0.355,0.41,0.663,0.39,0.684,0.381,0.406,0.711,0.719,0.405,0.395,0.397,0.635,0.455
0.467,0.568,0.338,0.385,0.69,0.577,0.48,0.399,0.453,0.399,0.737,0.391,1.0,0.389,0.394,0.492,0.572,0.678,0.691,0.479,0.7,0.773,0.748,0.618,0.595,0.603,0.743,0.401,0.444,0.445,0.376,0.671,0.0,0.742,0.597,0.394,0.476,0.728,0.403,0.733,0.379,0.586,0.734,0.386,0.383,0.39,0.584,0.584,0.384,0.441
0.399,0.364,0.304,0.731,0.39,0.373,0.346,0.691,0.395,0.7,0.395,0.693,0.389,1.0,0.745,0.353,0.366,0.376,0.382,0.345,0.354,0.389,0.383,0.39,0.387,0.383,0.386,0.735,0.432,0.389,0.692,0.361,0.0,0.375,0.373,0.596,0.344,0.4,0.634,0.377,0.696,0.361,0.387,0.704,0.703,0.385,0.364,0.366,0.644,0.434
0.41,0.379,0.319,0.746,0.404,0.383,0.347,0.708,0.414,0.686,0.389,0.832,0.394,0.745,1.0,0.354,0.378,0.386,0.387,0.346,0.372,0.397,0.396,0.38,0.385,0.381,0.392,0.727,0.449,0.407,0.708,0.371,0.0,0.39,0.367,0.597,0.344,0.413,0.661,0.393,0.712,0.374,0.398,0.72,0.721,0.404,0.385,0.385,0.664,0.459
0.469,0.491,0.321,0.354,0.501,0.497,0.954,0.376,0.437,0.355,0.492,0.366,0.492,0.353,0.354,1.0,0.489,0.54,0.528,0.951,0.519,0.523,0.531,0.493,0.482,0.487,0.499,0.365,0.41,0.441,0.35,0.495,0.0,0.508,0.47,0.371,0.947,0.497,0.379,0.509,0.358,0.508,0.503,0.372,0.376,0.381,0.495,0.495,0.349,0.428
0.466,0.682,0.347,0.378,0.622,0.689,0.482,0.396,0.45,0.371,0.588,0.398,0.572,0.366,0.378,0.489,1.0,0.592,0.581,0.478,0.568,0.592,0.601,0.706,0.694,0.726,0.584,0.384,0.447,0.44,0.361,0.633,0.0,0.601,0.666,0.395,0.478,0.585,0.404,0.587,0.374,0.639,0.594,0.392,0.402,0.395,0.657,0.66,0.377,0.442
0.468,0.588,0.336,0.377,0.649,0.607,0.538,0.394,0.444,0.371,0.656,0.388,0.678,0.376,0.386,0.54,0.592,1.0,0.74,0.531,0.697,0.714,0.72,0.594,0.583,0.591,0.677,0.387,0.439,0.444,0.365,0.661,0.0,0.677,0.579,0.407,0.531,0.669,0.406,0.678,0.37,0.607,0.675,0.39,0.39,0.391,0.593,0.595,0.374,0.446
0.466,0.576,0.32,0.384,0.67,0.582,0.52,0.405,0.451,0.375,0.66,0.391,0.691,0.382,0.387,0.528,0.581,0.74,1.0,0.519,0.698,0.717,0.707,0.586,0.581,0.579,0.7,0.4,0.429,0.444,0.37,0.651,0.0,0.68,0.581,0.409,0.514,0.682,0.41,0.697,0.372,0.594,0.698,0.399,0.399,0.391,0.574,0.576,0.386,0.434
0.457,0.48,0.321,0.345,0.487,0.487,0.987,0.368,0.428,0.344,0.476,0.356,0.479,0.345,0.346,0.951,0.478,0.531,0.519,1.0,0.526,0.516,0.533,0.485,0.48,0.481,0.487,0.359,0.403,0.427,0.344,0.503,0.0,0.499,0.462,0.36,0.986,0.481,0.369,0.497,0.352,0.494,0.491,0.364,0.367,0.38,0.482,0.482,0.337,0.418
0.462,0.573,0.334,0.364,0.657,0.572,0.533,0.381,0.429,0.351,0.658,0.384,0.7,0.354,0.372,0.519,0.568,0.697,0.698,0.526,1.0,0.723,0.738,0.572,0.568,0.574,0.693,0.375,0.425,0.43,0.353,0.687,0.0,0.713,0.562,0.386,0.527,0.686,0.392,0.689,0.364,0.573,0.69,0.384,0.384,0.392,0.587,0.587,0.356,0.437
0.464,0.572,0.333,0.394,0.665,0.59,0.517,0.405,0.452,0.386,0.684,0.39,0.773,0.389,0.397,0.523,0.592,0.714,0.717,0.516,0.723,1.0,0.903,0.601,0.6,0.599,0.742,0.406,0.444,0.444,0.377,0.675,0.0,0.86,0.589,0.409,0.513,0.723,0.408,0.722,0.378,0.578,0.737,0.397,0.396,0.401,0.58,0.58,0.386,0.455
0.488,0.589,0.339,0.395,0.661,0.607,0.537,0.405,0.463,0.374,0.664,0.402,0.748,0.383,0.396,0.531,0.601,0.72,0.707,0.533,0.738,0.903,1.0,0.589,0.593,0.593,0.726,0.399,0.454,0.451,0.38,0.698,0.0,0.856,0.572,0.4,0.531,0.712,0.415,0.716,0.392,0.587,0.714,0.402,0.403,0.405,0.588,0.589,0.381,0.462
0.458,0.762,0.327,0.394,0.621,0.769,0.488,0.411,0.443,0.399,0.637,0.39,0.618,0.39,0.38,0.493,0.706,0.594,0.586,0.485,0.572,0.601,0.589,1.0,0.811,0.72,0.606,0.402,0.433,0.434,0.365,0.591,0.0,0.594,0.809,0.406,0.485,0.598,0.387,0.596,0.371,0.651,0.609,0.388,0.393,0.396,0.655,0.658,0.387,0.432
0.462,0.78,0.326,0.401,0.618,0.788,0.481,0.412,0.436,0.392,0.61,0.396,0.595,0.387,0.385,0.482,0.694,0.583,0.581,0.48,0.568,0.6,0.593,0.811,1.0,0.745,0.605,0.408,0.429,0.415,0.359,0.607,0.0,0.588,0.789,0.404,0.482,0.597,0.391,0.585,0.366,0.64,0.609,0.42,0.408,0.396,0.646,0.649,0.409,0.421
0.456,0.704,0.331,0.388,0.62,0.677,0.484,0.397,0.432,0.383,0.619,0.394,0.603,0.383,0.381,0.487,0.726,0.591,0.579,0.481,0.574,0.599,0.593,0.72,0.745,1.0,0.602,0.402,0.429,0.427,0.361,0.593,0.0,0.583,0.693,0.397,0.482,0.594,0.386,0.603,0.366,0.658,0.594,0.413,0.397,0.381,0.664,0.666,0.403,0.429
0.47,0.576,0.336,0.385,0.684,0.573,0.489,0.399,0.455,0.391,0.692,0.39,0.743,0.386,0.392,0.499,0.584,0.677,0.7,0.487,0.693,0.742,0.726,0.606,0.605,0.602,1.0,0.4,0.447,0.441,0.371,0.685,0.0,0.71,0.587,0.402,0.484,0.811,0.4,0.732,0.375,0.582,0.824,0.39,0.387,0.406,0.584,0.585,0.385,0.443
0.425,0.387,0.317,0.739,0.401,0.392,0.361,0.894,0.409,0.712,0.392,0.701,0.401,0.735,0.727,0.365,0.384,0.387,0.4,0.359,0.375,0.406,0.399,0.402,0.408,0.402,0.4,1.0,0.44,0.416,0.694,0.386,0.0,0.392,0.379,0.611,0.359,0.41,0.662,0.395,0.706,0.382,0.399,0.938,0.931,0.402,0.382,0.383,0.661,0.439
0.529,0.444,0.376,0.433,0.457,0.453,0.404,0.452,0.506,0.432,0.428,0.456,0.444,0.432,0.449,0.41,0.447,0.439,0.429,0.403,0.425,0.444,0.454,0.433,0.429,0.429,0.447,0.44,1.0,0.502,0.434,0.453,0.0,0.443,0.416,0.438,0.4,0.462,0.449,0.453,0.44,0.434,0.45,0.443,0.447,0.555,0.434,0.435,0.433,0.847
0.582,0.433,0.391,0.403,0.45,0.433,0.429,0.422,0.594,0.403,0.43,0.425,0.445,0.389,0.407,0.441,0.44,0.444,0.444,0.427,0.43,0.444,0.451,0.434,0.415,0.427,0.441,0.416,0.502,1.0,0.392,0.421,0.0,0.442,0.41,0.416,0.425,0.446,0.409,0.454,0.41,0.441,0.449,0.421,0.418,0.478,0.436,0.437,0.407,0.525
0.408,0.368,0.304,0.714,0.379,0.364,0.345,0.696,0.397,0.71,0.36,0.662,0.376,0.692,0.708,0.35,0.361,0.365,0.37,0.344,0.353,0.377,0.38,0.365,0.359,0.361,0.371,0.694,0.434,0.392,1.0,0.355,0.0,0.371,0.346,0.584,0.344,0.384,0.64,0.371,0.894,0.356,0.367,0.698,0.7,0.387,0.353,0.354,0.628,0.443
0.472,0.605,0.355,0.372,0.661,0.601,0.503,0.389,0.437,0.359,0.643,0.393,0.671,0.361,0.371,0.495,0.633,0.661,0.651,0.503,0.687,0.675,0.698,0.591,0.607,0.593,0.685,0.386,0.453,0.421,0.355,1.0,0.0,0.679,0.563,0.371,0.503,0.705,0.398,0.701,0.362,0.592,0.702,0.39,0.398,0.412,0.615,0.616,0.356,0.449
0.0,0.0,0.0,0.0,0.0,0.0,0.0,0.0,0.0,0.0,0.0,0.0,0.0,0.0,0.0,0.0,0.0,0.0,0.0,0.0,0.0,0.0,0.0,0.0,0.0,0.0,0.0,0.0,0.0,0.0,0.0,0.0,1.0,0.0,0.0,0.0,0.0,0.0,0.0,0.0,0.0,0.0,0.0,0.0,0.0,0.0,0.0,0.0,0.0,0.0
0.474,0.576,0.341,0.381,0.66,0.602,0.503,0.407,0.453,0.374,0.661,0.396,0.742,0.375,0.39,0.508,0.601,0.677,0.68,0.499,0.713,0.86,0.856,0.594,0.588,0.583,0.71,0.392,0.443,0.442,0.371,0.679,0.0,1.0,0.576,0.41,0.498,0.71,0.413,0.718,0.373,0.575,0.727,0.397,0.403,0.404,0.588,0.588,0.379,0.451
0.439,0.734,0.305,0.381,0.606,0.757,0.466,0.383,0.434,0.387,0.646,0.374,0.597,0.373,0.367,0.47,0.666,0.579,0.581,0.462,0.562,0.589,0.572,0.809,0.789,0.693,0.587,0.379,0.416,0.41,0.346,0.563,0.0,0.576,1.0,0.393,0.462,0.584,0.379,0.579,0.351,0.631,0.592,0.367,0.376,0.386,0.64,0.643,0.366,0.412
0.414,0.385,0.298,0.613,0.397,0.4,0.361,0.602,0.43,0.607,0.399,0.577,0.394,0.596,0.597,0.371,0.395,0.407,0.409,0.36,0.386,0.409,0.4,0.406,0.404,0.397,0.402,0.611,0.438,0.416,0.584,0.371,0.0,0.41,0.393,1.0,0.359,0.398,0.604,0.403,0.589,0.379,0.396,0.598,0.598,0.387,0.375,0.376,0.58,0.447
0.457,0.478,0.321,0.344,0.486,0.487,0.985,0.367,0.426,0.343,0.474,0.355,0.476,0.344,0.344,0.947,0.478,0.531,0.514,0.986,0.527,0.513,0.531,0.485,0.482,0.482,0.484,0.359,0.4,0.425,0.344,0.503,0.0,0.498,0.462,0.359,1.0,0.478,0.37,0.494,0.352,0.495,0.488,0.365,0.368,0.381,0.48,0.48,0.337,0.416
0.485,0.607,0.346,0.393,0.71,0.599,0.483,0.429,0.451,0.401,0.686,0.41,0.728,0.4,0.413,0.497,0.585,0.669,0.682,0.481,0.686,0.723,0.712,0.598,0.597,0.594,0.811,0.41,0.462,0.446,0.384,0.705,0.0,0.71,0.584,0.398,0.478,1.0,0.422,0.743,0.394,0.589,0.848,0.414,0.414,0.414,0.612,0.614,0.406,0.457
0.419,0.387,0.324,0.641,0.403,0.422,0.374,0.67,0.413,0.645,0.39,0.663,0.403,0.634,0.661,0.379,0.404,0.406,0.41,0.369,0.392,0.408,0.415,0.387,0.391,0.386,0.4,0.662,0.449,0.409,0.64,0.398,0.0,0.413,0.379,0.604,0.37,0.422,1.0,0.402,0.653,0.404,0.409,0.674,0.674,0.4,0.408,0.409,0.604,0.454
0.48,0.585,0.35,0.375,0.707,0.589,0.499,0.412,0.462,0.385,0.701,0.39,0.733,0.377,0.393,0.509,0.587,0.678,0.697,0.497,0.689,0.722,0.716,0.596,0.585,0.603,0.732,0.395,0.453,0.454,0.371,0.701,0.0,0.718,0.579,0.403,0.494,0.743,0.402,1.0,0.377,0.599,0.739,0.4,0.41,0.414,0.61,0.611,0.383,0.457
0.423,0.378,0.315,0.721,0.393,0.378,0.353,0.696,0.403,0.708,0.367,0.684,0.379,0.696,0.712,0.358,0.374,0.37,0.372,0.352,0.364,0.378,0.392,0.371,0.366,0.366,0.375,0.706,0.44,0.41,0.894,0.362,0.0,0.373,0.351,0.589,0.352,0.394,0.653,0.377,1.0,0.37,0.369,0.715,0.716,0.394,0.362,0.364,0.634,0.452
0.455,0.639,0.336,0.363,0.621,0.657,0.496,0.387,0.437,0.361,0.593,0.381,0.586,0.361,0.374,0.508,0.639,0.607,0.594,0.494,0.573,0.578,0.587,0.651,0.64,0.658,0.582,0.382,0.434,0.441,0.356,0.592,0.0,0.575,0.631,0.379,0.495,0.589,0.404,0.599,0.37,1.0,0.615,0.391,0.386,0.39,0.705,0.707,0.373,0.433
0.472,0.586,0.341,0.387,0.7,0.6,0.493,0.408,0.46,0.384,0.699,0.406,0.734,0.387,0.398,0.503,0.594,0.675,0.698,0.491,0.69,0.737,0.714,0.609,0.609,0.594,0.824,0.399,0.45,0.449,0.367,0.702,0.0,0.727,0.592,0.396,0.488,0.848,0.409,0.739,0.369,0.615,1.0,0.395,0.397,0.416,0.611,0.611,0.389,0.451
0.433,0.41,0.332,0.712,0.403,0.401,0.367,0.892,0.415,0.682,0.377,0.711,0.386,0.704,0.72,0.372,0.392,0.39,0.399,0.364,0.384,0.397,0.402,0.388,0.42,0.413,0.39,0.938,0.443,0.421,0.698,0.39,0.0,0.397,0.367,0.598,0.365,0.414,0.674,0.4,0.715,0.391,0.395,1.0,0.957,0.413,0.39,0.391,0.677,0.444
0.444,0.401,0.317,0.711,0.409,0.404,0.37,0.894,0.414,0.691,0.377,0.719,0.383,0.703,0.721,0.376,0.402,0.39,0.399,0.367,0.384,0.396,0.403,0.393,0.408,0.397,0.387,0.931,0.447,0.418,0.7,0.398,0.0,0.403,0.376,0.598,0.368,0.414,0.674,0.41,0.716,0.386,0.397,0.957,1.0,0.417,0.399,0.399,0.66,0.45
0.474,0.401,0.351,0.399,0.405,0.402,0.381,0.417,0.467,0.39,0.39,0.405,0.39,0.385,0.404,0.381,0.395,0.391,0.391,0.38,0.392,0.401,0.405,0.396,0.396,0.381,0.406,0.402,0.555,0.478,0.387,0.412,0.0,0.404,0.386,0.387,0.381,0.414,0.4,0.414,0.394,0.39,0.416,0.413,0.417,1.0,0.429,0.429,0.396,0.61
0.458,0.665,0.343,0.365,0.631,0.677,0.484,0.392,0.439,0.37,0.587,0.395,0.584,0.364,0.385,0.495,0.657,0.593,0.574,0.482,0.587,0.58,0.588,0.655,0.646,0.664,0.584,0.382,0.434,0.436,0.353,0.615,0.0,0.588,0.64,0.375,0.48,0.612,0.408,0.61,0.362,0.705,0.611,0.39,0.399,0.429,1.0,0.995,0.377,0.456
0.459,0.667,0.343,0.366,0.634,0.68,0.484,0.394,0.44,0.371,0.588,0.397,0.584,0.366,0.385,0.495,0.66,0.595,0.576,0.482,0.587,0.58,0.589,0.658,0.649,0.666,0.585,0.383,0.435,0.437,0.354,0.616,0.0,0.588,0.643,0.376,0.48,0.614,0.409,0.611,0.364,0.707,0.611,0.391,0.399,0.429,0.995,1.0,0.378,0.456
0.401,0.4,0.325,0.646,0.395,0.389,0.339,0.655,0.406,0.636,0.375,0.635,0.384,0.644,0.664,0.349,0.377,0.374,0.386,0.337,0.356,0.386,0.381,0.387,0.409,0.403,0.385,0.661,0.433,0.407,0.628,0.356,0.0,0.379,0.366,0.58,0.337,0.406,0.604,0.383,0.634,0.373,0.389,0.677,0.66,0.396,0.377,0.378,1.0,0.445
0.547,0.448,0.391,0.449,0.441,0.445,0.42,0.457,0.525,0.435,0.432,0.455,0.441,0.434,0.459,0.428,0.442,0.446,0.434,0.418,0.437,0.455,0.462,0.432,0.421,0.429,0.443,0.439,0.847,0.525,0.443,0.449,0.0,0.451,0.412,0.447,0.416,0.457,0.454,0.457,0.452,0.433,0.451,0.444,0.45,0.61,0.456,0.456,0.445,1.0
