GCF_000163235.1_ASM16323v1_genomic.fna,GCF_000164555.1_ASM16455v1_genomic.fna,GCF_000208545.1_ASM20854v2_genomic.fna,GCF_000233875.1_ASM23387v1_genomic.fna,GCF_000249735.1_ASM24973v2_genomic.fna,GCF_000261145.1_Esch_coli_M919_V2_genomic.fna,GCF_000267705.2_ASM26770v2_genomic.fna,GCF_000350665.1_Esch_coli_KTE5_V1_genomic.fna,GCF_000351625.1_Esch_coli_KTE66_V1_genomic.fna,GCF_000352285.1_Esch_coli_KTE46_V1_genomic.fna,GCF_000358895.1_ASM35889v1_genomic.fna,GCF_000456385.1_Esch_coli_HVH_26_4-5703913_V1_genomic.fna,GCF_000458195.1_Esch_coli_HVH_147_4-5893887_V1_genomic.fna,GCF_000459755.1_Esch_coli_KOEGE_58_171a_V1_genomic.fna,GCF_000460055.1_Esch_coli_UMEA_3053-1_V1_genomic.fna,GCF_000462165.2_ASM46216v2_genomic.fna,GCF_000601135.1_ASM60113v1_genomic.fna,GCF_000614595.1_Ec2010EL1058_genomic.fna,GCF_000617745.1_Ec2010C-4529_genomic.fna,GCF_000618265.2_EcF6751_genomic.fna,GCF_000619005.2_Ec2009C-4052_genomic.fna,GCF_000619105.1_Ec2009C-4780_genomic.fna,GCF_000619765.2_Ec2009C-3279_genomic.fna,GCF_000687005.1_ASM68700v1_genomic.fna,GCF_000687025.1_ASM68702v1_genomic.fna,GCF_000700125.1_ASM70012v1_genomic.fna,GCF_000753315.1_FHI35_genomic.fna,GCF_000776375.1_ASM77637v1_genomic.fna,GCF_000779395.1_ASM77939v1_genomic.fna,GCF_000780315.1_ASM78031v1_genomic.fna,GCF_000781995.1_ASM78199v1_genomic.fna,GCF_000986765.1_ASM98676v1_genomic.fna,GCF_001041375.1_ViralProj287958_genomic.fna,GCF_001265335.1_302014_genomic.fna,GCF_001265625.1_100854_genomic.fna,GCF_001267345.1_303289_genomic.fna,GCF_001309985.1_ASM130998v1_genomic.fna,GCF_001521695.1_ASM152169v1_genomic.fna,GCF_001592595.1_ASM159259v1_genomic.fna,GCF_001614975.1_ASM161497v1_genomic.fna,GCF_001692775.1_ASM169277v1_genomic.fna,GCF_001748915.1_ASM174891v1_genomic.fna,GCF_001749235.1_ASM174923v1_genomic.fna,GCF_001881155.1_ASM188115v1_genomic.fna,GCF_001881345.1_ASM188134v1_genomic.fna,GCF_001892405.1_ASM189240v1_genomic.fna,GCF_001892585.1_ASM189258v1_genomic.fna,GCF_001893985.1_ASM189398v1_genomic.fna,GCF_002001595.1_ASM200159v1_genomic.fna,GCF_002002145.1_ASM200214v1_genomic.fna
1.0,0.491,0.4,0.434,0.465,0.467,0.432,0.415,0.582,0.446,0.438,0.448,0.463,0.425,0.425,0.434,0.468,0.473,0.459,0.427,0.453,0.456,0.476,0.472,0.463,0.452,0.459,0.424,0.513,0.566,0.397,0.471,0.0,0.472,0.432,0.422,0.425,0.486,0.406,0.456,0.402,0.448,0.463,0.421,0.429,0.438,0.453,0.452,0.42,0.511
0.491,1.0,0.35,0.423,0.598,0.788,0.512,0.417,0.446,0.435,0.559,0.441,0.585,0.41,0.42,0.517,0.703,0.592,0.576,0.507,0.57,0.577,0.595,0.792,0.807,0.676,0.587,0.429,0.464,0.466,0.396,0.606,0.0,0.588,0.743,0.412,0.507,0.631,0.398,0.581,0.402,0.687,0.604,0.432,0.428,0.404,0.664,0.663,0.419,0.451
0.4,0.35,1.0,0.318,0.356,0.338,0.328,0.309,0.377,0.32,0.337,0.327,0.338,0.316,0.33,0.331,0.353,0.333,0.336,0.325,0.339,0.342,0.351,0.351,0.348,0.332,0.342,0.315,0.382,0.374,0.307,0.355,0.0,0.358,0.319,0.321,0.324,0.352,0.31,0.346,0.311,0.35,0.353,0.314,0.313,0.331,0.353,0.353,0.324,0.377
0.434,0.423,0.318,1.0,0.405,0.413,0.396,0.702,0.43,0.746,0.382,0.718,0.4,0.773,0.771,0.397,0.406,0.406,0.404,0.393,0.387,0.407,0.427,0.412,0.413,0.401,0.402,0.74,0.485,0.406,0.716,0.413,0.0,0.407,0.379,0.626,0.392,0.409,0.66,0.394,0.734,0.396,0.397,0.724,0.72,0.419,0.394,0.394,0.68,0.48
0.465,0.598,0.356,0.405,1.0,0.615,0.507,0.399,0.46,0.416,0.732,0.409,0.691,0.408,0.416,0.513,0.618,0.658,0.662,0.504,0.669,0.662,0.674,0.619,0.613,0.591,0.683,0.399,0.48,0.463,0.385,0.67,0.0,0.668,0.585,0.394,0.502,0.685,0.381,0.681,0.39,0.624,0.688,0.392,0.396,0.406,0.636,0.637,0.414,0.463
0.467,0.788,0.338,0.413,0.615,1.0,0.53,0.412,0.448,0.414,0.569,0.416,0.605,0.409,0.413,0.534,0.707,0.616,0.599,0.524,0.575,0.597,0.608,0.79,0.825,0.675,0.604,0.414,0.467,0.457,0.394,0.607,0.0,0.611,0.755,0.408,0.523,0.627,0.411,0.589,0.396,0.709,0.617,0.408,0.405,0.415,0.69,0.689,0.412,0.461
0.432,0.512,0.328,0.396,0.507,0.53,1.0,0.389,0.441,0.388,0.489,0.395,0.509,0.381,0.396,0.973,0.526,0.549,0.537,0.985,0.529,0.541,0.564,0.52,0.522,0.509,0.514,0.387,0.431,0.448,0.38,0.537,0.0,0.533,0.498,0.4,0.989,0.511,0.388,0.511,0.379,0.519,0.524,0.391,0.393,0.383,0.491,0.49,0.386,0.431
0.415,0.417,0.309,0.702,0.399,0.412,0.389,1.0,0.419,0.702,0.364,0.715,0.395,0.717,0.703,0.388,0.399,0.389,0.389,0.39,0.373,0.396,0.412,0.418,0.409,0.388,0.395,0.914,0.477,0.4,0.717,0.421,0.0,0.402,0.372,0.616,0.388,0.424,0.672,0.383,0.721,0.39,0.397,0.916,0.904,0.424,0.386,0.386,0.66,0.466
0.582,0.446,0.377,0.43,0.46,0.448,0.441,0.419,1.0,0.444,0.45,0.421,0.463,0.427,0.434,0.444,0.446,0.461,0.449,0.436,0.451,0.463,0.462,0.465,0.452,0.44,0.473,0.43,0.502,0.605,0.403,0.452,0.0,0.467,0.433,0.435,0.436,0.456,0.413,0.464,0.404,0.445,0.47,0.418,0.415,0.437,0.447,0.446,0.421,0.51
0.446,0.435,0.32,0.746,0.416,0.414,0.388,0.702,0.444,1.0,0.393,0.691,0.408,0.748,0.716,0.393,0.411,0.4,0.394,0.384,0.389,0.403,0.406,0.413,0.422,0.403,0.411,0.72,0.484,0.42,0.736,0.398,0.0,0.41,0.382,0.641,0.385,0.419,0.681,0.399,0.729,0.401,0.41,0.702,0.709,0.417,0.405,0.405,0.684,0.478
0.438,0.559,0.337,0.382,0.732,0.569,0.489,0.364,0.45,0.393,1.0,0.374,0.711,0.382,0.382,0.492,0.573,0.652,0.656,0.485,0.653,0.677,0.657,0.609,0.569,0.584,0.673,0.38,0.448,0.44,0.36,0.631,0.0,0.652,0.621,0.387,0.484,0.647,0.364,0.695,0.358,0.585,0.66,0.369,0.371,0.378,0.59,0.589,0.381,0.446
0.448,0.441,0.327,0.718,0.409,0.416,0.395,0.715,0.421,0.691,0.374,1.0,0.393,0.721,0.858,0.394,0.409,0.4,0.397,0.395,0.396,0.402,0.416,0.417,0.415,0.396,0.393,0.717,0.497,0.421,0.676,0.433,0.0,0.405,0.38,0.624,0.394,0.415,0.668,0.393,0.702,0.397,0.409,0.727,0.729,0.441,0.407,0.407,0.647,0.48
0.463,0.585,0.338,0.4,0.691,0.605,0.509,0.395,0.463,0.408,0.711,0.393,1.0,0.401,0.403,0.514,0.603,0.705,0.73,0.506,0.706,0.78,0.757,0.639,0.6,0.611,0.754,0.404,0.461,0.457,0.381,0.694,0.0,0.749,0.598,0.392,0.505,0.714,0.387,0.777,0.38,0.619,0.727,0.394,0.392,0.4,0.621,0.62,0.397,0.459
0.425,0.41,0.316,0.773,0.408,0.409,0.381,0.717,0.427,0.748,0.382,0.721,0.401,1.0,0.771,0.382,0.4,0.404,0.401,0.379,0.388,0.408,0.419,0.405,0.412,0.394,0.408,0.756,0.496,0.402,0.729,0.408,0.0,0.405,0.378,0.627,0.378,0.416,0.679,0.399,0.741,0.396,0.404,0.732,0.729,0.422,0.403,0.403,0.686,0.49
0.425,0.42,0.33,0.771,0.416,0.413,0.396,0.703,0.434,0.716,0.382,0.858,0.403,0.771,1.0,0.396,0.412,0.406,0.402,0.394,0.393,0.417,0.428,0.408,0.415,0.397,0.41,0.739,0.493,0.418,0.712,0.425,0.0,0.414,0.384,0.635,0.393,0.424,0.672,0.398,0.728,0.396,0.413,0.717,0.715,0.426,0.414,0.415,0.686,0.498
0.434,0.517,0.331,0.397,0.513,0.534,0.973,0.388,0.444,0.393,0.492,0.394,0.514,0.382,0.396,1.0,0.526,0.55,0.539,0.964,0.524,0.544,0.562,0.522,0.525,0.509,0.517,0.386,0.43,0.452,0.381,0.532,0.0,0.531,0.496,0.405,0.967,0.517,0.386,0.512,0.38,0.525,0.527,0.389,0.394,0.384,0.497,0.496,0.392,0.432
0.468,0.703,0.353,0.406,0.618,0.707,0.526,0.399,0.446,0.411,0.573,0.409,0.603,0.4,0.412,0.526,1.0,0.612,0.604,0.522,0.599,0.601,0.618,0.731,0.723,0.737,0.607,0.403,0.467,0.449,0.381,0.641,0.0,0.615,0.67,0.414,0.521,0.608,0.393,0.596,0.383,0.683,0.62,0.401,0.401,0.395,0.673,0.673,0.4,0.45
0.473,0.592,0.333,0.406,0.658,0.616,0.549,0.389,0.461,0.4,0.652,0.4,0.705,0.404,0.406,0.55,0.612,1.0,0.748,0.542,0.722,0.722,0.731,0.614,0.607,0.597,0.698,0.4,0.469,0.459,0.385,0.674,0.0,0.69,0.577,0.413,0.543,0.675,0.388,0.685,0.381,0.625,0.693,0.395,0.392,0.395,0.609,0.609,0.389,0.465
0.459,0.576,0.336,0.404,0.662,0.599,0.537,0.389,0.449,0.394,0.656,0.397,0.73,0.401,0.402,0.539,0.604,0.748,1.0,0.532,0.727,0.733,0.73,0.615,0.602,0.598,0.715,0.397,0.455,0.443,0.378,0.695,0.0,0.703,0.59,0.408,0.531,0.685,0.398,0.712,0.375,0.61,0.696,0.392,0.391,0.389,0.606,0.605,0.387,0.455
0.427,0.507,0.325,0.393,0.504,0.524,0.985,0.39,0.436,0.384,0.485,0.395,0.506,0.379,0.394,0.964,0.522,0.542,0.532,1.0,0.524,0.535,0.56,0.515,0.519,0.504,0.513,0.385,0.424,0.442,0.376,0.534,0.0,0.527,0.492,0.397,0.99,0.507,0.388,0.506,0.379,0.515,0.521,0.392,0.395,0.384,0.487,0.486,0.385,0.426
0.453,0.57,0.339,0.387,0.669,0.575,0.529,0.373,0.451,0.389,0.653,0.396,0.706,0.388,0.393,0.524,0.599,0.722,0.727,0.524,1.0,0.721,0.731,0.594,0.583,0.588,0.71,0.385,0.445,0.445,0.363,0.691,0.0,0.707,0.564,0.397,0.523,0.687,0.379,0.708,0.369,0.584,0.701,0.38,0.38,0.393,0.601,0.6,0.384,0.455
0.456,0.577,0.342,0.407,0.662,0.597,0.541,0.396,0.463,0.403,0.677,0.402,0.78,0.408,0.417,0.544,0.601,0.722,0.733,0.535,0.721,1.0,0.907,0.621,0.597,0.604,0.728,0.402,0.459,0.458,0.381,0.697,0.0,0.853,0.589,0.407,0.534,0.689,0.398,0.75,0.381,0.598,0.711,0.396,0.392,0.403,0.59,0.589,0.403,0.47
0.476,0.595,0.351,0.427,0.674,0.608,0.564,0.412,0.462,0.406,0.657,0.416,0.757,0.419,0.428,0.562,0.618,0.731,0.73,0.56,0.731,0.907,1.0,0.611,0.615,0.596,0.725,0.416,0.471,0.462,0.391,0.723,0.0,0.856,0.585,0.42,0.557,0.706,0.409,0.729,0.392,0.613,0.723,0.409,0.406,0.404,0.596,0.595,0.406,0.472
0.472,0.792,0.351,0.412,0.619,0.79,0.52,0.418,0.465,0.413,0.609,0.417,0.639,0.405,0.408,0.522,0.731,0.614,0.615,0.515,0.594,0.621,0.611,1.0,0.806,0.728,0.629,0.411,0.466,0.464,0.386,0.607,0.0,0.613,0.808,0.402,0.514,0.605,0.389,0.631,0.39,0.705,0.616,0.404,0.408,0.402,0.694,0.693,0.402,0.457
0.463,0.807,0.348,0.413,0.613,0.825,0.522,0.409,0.452,0.422,0.569,0.415,0.6,0.412,0.415,0.525,0.723,0.607,0.602,0.519,0.583,0.597,0.615,0.806,1.0,0.715,0.605,0.412,0.458,0.452,0.395,0.622,0.0,0.606,0.774,0.404,0.517,0.618,0.407,0.593,0.396,0.706,0.62,0.416,0.408,0.402,0.693,0.692,0.421,0.449
0.452,0.676,0.332,0.401,0.591,0.675,0.509,0.388,0.44,0.403,0.584,0.396,0.611,0.394,0.397,0.509,0.737,0.597,0.598,0.504,0.588,0.604,0.596,0.728,0.715,1.0,0.604,0.388,0.442,0.437,0.375,0.585,0.0,0.586,0.671,0.397,0.502,0.588,0.387,0.607,0.377,0.671,0.584,0.39,0.384,0.391,0.661,0.661,0.406,0.432
0.459,0.587,0.342,0.402,0.683,0.604,0.514,0.395,0.473,0.411,0.673,0.393,0.754,0.408,0.41,0.517,0.607,0.698,0.715,0.513,0.71,0.728,0.725,0.629,0.605,0.604,1.0,0.404,0.471,0.447,0.387,0.707,0.0,0.716,0.591,0.399,0.51,0.796,0.387,0.751,0.39,0.617,0.819,0.398,0.397,0.406,0.606,0.605,0.399,0.473
0.424,0.429,0.315,0.74,0.399,0.414,0.387,0.914,0.43,0.72,0.38,0.717,0.404,0.756,0.739,0.386,0.403,0.4,0.397,0.385,0.385,0.402,0.416,0.411,0.412,0.388,0.404,1.0,0.48,0.402,0.722,0.422,0.0,0.407,0.375,0.624,0.384,0.428,0.659,0.39,0.733,0.397,0.397,0.954,0.936,0.414,0.395,0.395,0.681,0.469
0.513,0.464,0.382,0.485,0.48,0.467,0.431,0.477,0.502,0.484,0.448,0.497,0.461,0.496,0.493,0.43,0.467,0.469,0.455,0.424,0.445,0.459,0.471,0.466,0.458,0.442,0.471,0.48,1.0,0.483,0.459,0.474,0.0,0.467,0.428,0.458,0.425,0.475,0.455,0.46,0.457,0.455,0.471,0.469,0.47,0.555,0.451,0.452,0.474,0.842
0.566,0.466,0.374,0.406,0.463,0.457,0.448,0.4,0.605,0.42,0.44,0.421,0.457,0.402,0.418,0.452,0.449,0.459,0.443,0.442,0.445,0.458,0.462,0.464,0.452,0.437,0.447,0.402,0.483,1.0,0.395,0.461,0.0,0.456,0.424,0.416,0.442,0.447,0.406,0.459,0.397,0.447,0.458,0.402,0.397,0.452,0.438,0.437,0.409,0.497
0.397,0.396,0.307,0.716,0.385,0.394,0.38,0.717,0.403,0.736,0.36,0.676,0.381,0.729,0.712,0.381,0.381,0.385,0.378,0.376,0.363,0.381,0.391,0.386,0.395,0.375,0.387,0.722,0.459,0.395,1.0,0.399,0.0,0.386,0.358,0.624,0.377,0.393,0.661,0.37,0.903,0.381,0.38,0.711,0.71,0.404,0.376,0.376,0.652,0.457
0.471,0.606,0.355,0.413,0.67,0.607,0.537,0.421,0.452,0.398,0.631,0.433,0.694,0.408,0.425,0.532,0.641,0.674,0.695,0.534,0.691,0.697,0.723,0.607,0.622,0.585,0.707,0.422,0.474,0.461,0.399,1.0,0.0,0.7,0.563,0.413,0.532,0.72,0.409,0.712,0.398,0.613,0.721,0.422,0.423,0.413,0.594,0.594,0.401,0.454
0.0,0.0,0.0,0.0,0.0,0.0,0.0,0.0,0.0,0.0,0.0,0.0,0.0,0.0,0.0,0.0,0.0,0.0,0.0,0.0,0.0,0.0,0.0,0.0,0.0,0.0,0.0,0.0,0.0,0.0,0.0,0.0,1.0,0.0,0.0,0.0,0.0,0.0,0.0,0.0,0.0,0.0,0.0,0.0,0.0,0.0,0.0,0.0,0.0,0.0
0.472,0.588,0.358,0.407,0.668,0.611,0.533,0.402,0.467,0.41,0.652,0.405,0.749,0.405,0.414,0.531,0.615,0.69,0.703,0.527,0.707,0.853,0.856,0.613,0.606,0.586,0.716,0.407,0.467,0.456,0.386,0.7,0.0,1.0,0.583,0.422,0.525,0.696,0.407,0.726,0.385,0.605,0.714,0.399,0.399,0.393,0.6,0.6,0.404,0.465
0.432,0.743,0.319,0.379,0.585,0.755,0.498,0.372,0.433,0.382,0.621,0.38,0.598,0.378,0.384,0.496,0.67,0.577,0.59,0.492,0.564,0.589,0.585,0.808,0.774,0.671,0.591,0.375,0.428,0.424,0.358,0.563,0.0,0.583,1.0,0.374,0.491,0.577,0.365,0.588,0.357,0.671,0.589,0.365,0.37,0.373,0.657,0.656,0.369,0.419
0.422,0.412,0.321,0.626,0.394,0.408,0.4,0.616,0.435,0.641,0.387,0.624,0.392,0.627,0.635,0.405,0.414,0.413,0.408,0.397,0.397,0.407,0.42,0.402,0.404,0.397,0.399,0.624,0.458,0.416,0.624,0.413,0.0,0.422,0.374,1.0,0.395,0.394,0.638,0.398,0.623,0.406,0.397,0.62,0.62,0.415,0.396,0.396,0.605,0.457
0.425,0.507,0.324,0.392,0.502,0.523,0.989,0.388,0.436,0.385,0.484,0.394,0.505,0.378,0.393,0.967,0.521,0.543,0.531,0.99,0.523,0.534,0.557,0.514,0.517,0.502,0.51,0.384,0.425,0.442,0.377,0.532,0.0,0.525,0.491,0.395,1.0,0.507,0.385,0.505,0.379,0.515,0.521,0.39,0.392,0.381,0.486,0.486,0.384,0.426
0.486,0.631,0.352,0.409,0.685,0.627,0.511,0.424,0.456,0.419,0.647,0.415,0.714,0.416,0.424,0.517,0.608,0.675,0.685,0.507,0.687,0.689,0.706,0.605,0.618,0.588,0.796,0.428,0.475,0.447,0.393,0.72,0.0,0.696,0.577,0.394,0.507,1.0,0.402,0.718,0.396,0.626,0.85,0.422,0.41,0.409,0.623,0.623,0.419,0.462
0.406,0.398,0.31,0.66,0.381,0.411,0.388,0.672,0.413,0.681,0.364,0.668,0.387,0.679,0.672,0.386,0.393,0.388,0.398,0.388,0.379,0.398,0.409,0.389,0.407,0.387,0.387,0.659,0.455,0.406,0.661,0.409,0.0,0.407,0.365,0.638,0.385,0.402,1.0,0.38,0.668,0.394,0.396,0.672,0.669,0.409,0.393,0.393,0.625,0.447
0.456,0.581,0.346,0.394,0.681,0.589,0.511,0.383,0.464,0.399,0.695,0.393,0.777,0.399,0.398,0.512,0.596,0.685,0.712,0.506,0.708,0.75,0.729,0.631,0.593,0.607,0.751,0.39,0.46,0.459,0.37,0.712,0.0,0.726,0.588,0.398,0.505,0.718,0.38,1.0,0.367,0.616,0.73,0.381,0.383,0.401,0.614,0.613,0.389,0.467
0.402,0.402,0.311,0.734,0.39,0.396,0.379,0.721,0.404,0.729,0.358,0.702,0.38,0.741,0.728,0.38,0.383,0.381,0.375,0.379,0.369,0.381,0.392,0.39,0.396,0.377,0.39,0.733,0.457,0.397,0.903,0.398,0.0,0.385,0.357,0.623,0.379,0.396,0.668,0.367,1.0,0.386,0.381,0.734,0.732,0.414,0.377,0.377,0.654,0.461
0.448,0.687,0.35,0.396,0.624,0.709,0.519,0.39,0.445,0.401,0.585,0.397,0.619,0.396,0.396,0.525,0.683,0.625,0.61,0.515,0.584,0.598,0.613,0.705,0.706,0.671,0.617,0.397,0.455,0.447,0.381,0.613,0.0,0.605,0.671,0.406,0.515,0.626,0.394,0.616,0.386,1.0,0.648,0.389,0.389,0.391,0.728,0.728,0.395,0.443
0.463,0.604,0.353,0.397,0.688,0.617,0.524,0.397,0.47,0.41,0.66,0.409,0.727,0.404,0.413,0.527,0.62,0.693,0.696,0.521,0.701,0.711,0.723,0.616,0.62,0.584,0.819,0.397,0.471,0.458,0.38,0.721,0.0,0.714,0.589,0.397,0.521,0.85,0.396,0.73,0.381,0.648,1.0,0.397,0.394,0.416,0.62,0.62,0.405,0.474
0.421,0.432,0.314,0.724,0.392,0.408,0.391,0.916,0.418,0.702,0.369,0.727,0.394,0.732,0.717,0.389,0.401,0.395,0.392,0.392,0.38,0.396,0.409,0.404,0.416,0.39,0.398,0.954,0.469,0.402,0.711,0.422,0.0,0.399,0.365,0.62,0.39,0.422,0.672,0.381,0.734,0.389,0.397,1.0,0.964,0.423,0.389,0.389,0.673,0.46
0.429,0.428,0.313,0.72,0.396,0.405,0.393,0.904,0.415,0.709,0.371,0.729,0.392,0.729,0.715,0.394,0.401,0.392,0.391,0.395,0.38,0.392,0.406,0.408,0.408,0.384,0.397,0.936,0.47,0.397,0.71,0.423,0.0,0.399,0.37,0.62,0.392,0.41,0.669,0.383,0.732,0.389,0.394,0.964,1.0,0.419,0.392,0.392,0.664,0.455
0.438,0.404,0.331,0.419,0.406,0.415,0.383,0.424,0.437,0.417,0.378,0.441,0.4,0.422,0.426,0.384,0.395,0.395,0.389,0.384,0.393,0.403,0.404,0.402,0.402,0.391,0.406,0.414,0.555,0.452,0.404,0.413,0.0,0.393,0.373,0.415,0.381,0.409,0.409,0.401,0.414,0.391,0.416,0.423,0.419,1.0,0.415,0.414,0.411,0.612
0.453,0.664,0.353,0.394,0.636,0.69,0.491,0.386,0.447,0.405,0.59,0.407,0.621,0.403,0.414,0.497,0.673,0.609,0.606,0.487,0.601,0.59,0.596,0.694,0.693,0.661,0.606,0.395,0.451,0.438,0.376,0.594,0.0,0.6,0.657,0.396,0.486,0.623,0.393,0.614,0.377,0.728,0.62,0.389,0.392,0.415,1.0,0.995,0.404,0.454
0.452,0.663,0.353,0.394,0.637,0.689,0.49,0.386,0.446,0.405,0.589,0.407,0.62,0.403,0.415,0.496,0.673,0.609,0.605,0.486,0.6,0.589,0.595,0.693,0.692,0.661,0.605,0.395,0.452,0.437,0.376,0.594,0.0,0.6,0.656,0.396,0.486,0.623,0.393,0.613,0.377,0.728,0.62,0.389,0.392,0.414,0.995,1.0,0.404,0.456
0.42,0.419,0.324,0.68,0.414,0.412,0.386,0.66,0.421,0.684,0.381,0.647,0.397,0.686,0.686,0.392,0.4,0.389,0.387,0.385,0.384,0.403,0.406,0.402,0.421,0.406,0.399,0.681,0.474,0.409,0.652,0.401,0.0,0.404,0.369,0.605,0.384,0.419,0.625,0.389,0.654,0.395,0.405,0.673,0.664,0.411,0.404,0.404,1.0,0.472
0.511,0.451,0.377,0.48,0.463,0.461,0.431,0.466,0.51,0.478,0.446,0.48,0.459,0.49,0.498,0.432,0.45,0.465,0.455,0.426,0.455,0.47,0.472,0.457,0.449,0.432,0.473,0.469,0.842,0.497,0.457,0.454,0.0,0.465,0.419,0.457,0.426,0.462,0.447,0.467,0.461,0.443,0.474,0.46,0.455,0.612,0.454,0.456,0.472,1.0
