GCF_000163235.1_ASM16323v1_genomic.fna,GCF_000164555.1_ASM16455v1_genomic.fna,GCF_000208545.1_ASM20854v2_genomic.fna,GCF_000233875.1_ASM23387v1_genomic.fna,GCF_000249735.1_ASM24973v2_genomic.fna,GCF_000261145.1_Esch_coli_M919_V2_genomic.fna,GCF_000267705.2_ASM26770v2_genomic.fna,GCF_000350665.1_Esch_coli_KTE5_V1_genomic.fna,GCF_000351625.1_Esch_coli_KTE66_V1_genomic.fna,GCF_000352285.1_Esch_coli_KTE46_V1_genomic.fna,GCF_000358895.1_ASM35889v1_genomic.fna,GCF_000456385.1_Esch_coli_HVH_26_4-5703913_V1_genomic.fna,GCF_000458195.1_Esch_coli_HVH_147_4-5893887_V1_genomic.fna,GCF_000459755.1_Esch_coli_KOEGE_58_171a_V1_genomic.fna,GCF_000460055.1_Esch_coli_UMEA_3053-1_V1_genomic.fna,GCF_000462165.2_ASM46216v2_genomic.fna,GCF_000601135.1_ASM60113v1_genomic.fna,GCF_000614595.1_Ec2010EL1058_genomic.fna,GCF_000617745.1_Ec2010C-4529_genomic.fna,GCF_000618265.2_EcF6751_genomic.fna,GCF_000619005.2_Ec2009C-4052_genomic.fna,GCF_000619105.1_Ec2009C-4780_genomic.fna,GCF_000619765.2_Ec2009C-3279_genomic.fna,GCF_000687005.1_ASM68700v1_genomic.fna,GCF_000687025.1_ASM68702v1_genomic.fna,GCF_000700125.1_ASM70012v1_genomic.fna,GCF_000753315.1_FHI35_genomic.fna,GCF_000776375.1_ASM77637v1_genomic.fna,GCF_000779395.1_ASM77939v1_genomic.fna,GCF_000780315.1_ASM78031v1_genomic.fna,GCF_000781995.1_ASM78199v1_genomic.fna,GCF_000986765.1_ASM98676v1_genomic.fna,GCF_001041375.1_ViralProj287958_genomic.fna,GCF_001265335.1_302014_genomic.fna,GCF_001265625.1_100854_genomic.fna,GCF_001267345.1_303289_genomic.fna,GCF_001309985.1_ASM130998v1_genomic.fna,GCF_001521695.1_ASM152169v1_genomic.fna,GCF_001592595.1_ASM159259v1_genomic.fna,GCF_001614975.1_ASM161497v1_genomic.fna,GCF_001692775.1_ASM169277v1_genomic.fna,GCF_001748915.1_ASM174891v1_genomic.fna,GCF_001749235.1_ASM174923v1_genomic.fna,GCF_001881155.1_ASM188115v1_genomic.fna,GCF_001881345.1_ASM188134v1_genomic.fna,GCF_001892405.1_ASM189240v1_genomic.fna,GCF_001892585.1_ASM189258v1_genomic.fna,GCF_001893985.1_ASM189398v1_genomic.fna,GCF_002001595.1_ASM200159v1_genomic.fna,GCF_002002145.1_ASM200214v1_genomic.fna
1.0,0.492,0.392,0.44,0.489,0.456,0.441,0.433,0.593,0.442,0.496,0.446,0.485,0.425,0.429,0.454,0.48,0.477,0.461,0.437,0.46,0.456,0.459,0.51,0.491,0.474,0.485,0.438,0.52,0.574,0.398,0.464,0.0,0.46,0.464,0.433,0.44,0.499,0.413,0.473,0.405,0.456,0.495,0.42,0.437,0.448,0.476,0.477,0.425,0.505
0.492,1.0,0.347,0.42,0.638,0.774,0.531,0.426,0.455,0.416,0.602,0.438,0.616,0.408,0.417,0.536,0.696,0.594,0.608,0.529,0.591,0.603,0.607,0.787,0.784,0.691,0.595,0.413,0.461,0.458,0.412,0.625,0.0,0.601,0.719,0.406,0.53,0.616,0.409,0.609,0.42,0.67,0.604,0.435,0.439,0.428,0.663,0.663,0.423,0.46
0.392,0.347,1.0,0.321,0.338,0.319,0.306,0.334,0.395,0.327,0.357,0.326,0.353,0.324,0.324,0.315,0.342,0.326,0.332,0.304,0.312,0.32,0.318,0.359,0.353,0.341,0.349,0.343,0.388,0.377,0.303,0.322,0.0,0.333,0.33,0.328,0.306,0.349,0.313,0.338,0.313,0.336,0.35,0.331,0.323,0.327,0.343,0.341,0.334,0.388
0.44,0.42,0.321,1.0,0.429,0.41,0.38,0.709,0.435,0.726,0.435,0.72,0.425,0.752,0.767,0.388,0.423,0.402,0.403,0.378,0.4,0.402,0.413,0.439,0.435,0.417,0.422,0.751,0.483,0.42,0.706,0.416,0.0,0.403,0.399,0.638,0.379,0.422,0.678,0.405,0.721,0.412,0.42,0.722,0.715,0.443,0.416,0.415,0.67,0.482
0.489,0.638,0.338,0.429,1.0,0.621,0.518,0.446,0.467,0.43,0.778,0.449,0.704,0.436,0.441,0.531,0.642,0.656,0.682,0.514,0.681,0.678,0.679,0.644,0.63,0.617,0.69,0.434,0.488,0.49,0.43,0.702,0.0,0.674,0.602,0.434,0.518,0.691,0.43,0.709,0.44,0.646,0.698,0.433,0.44,0.426,0.657,0.659,0.429,0.481
0.456,0.774,0.319,0.41,0.621,1.0,0.539,0.428,0.445,0.396,0.598,0.418,0.604,0.406,0.414,0.547,0.671,0.606,0.614,0.534,0.587,0.6,0.61,0.776,0.781,0.664,0.594,0.403,0.466,0.438,0.409,0.62,0.0,0.611,0.725,0.423,0.537,0.604,0.419,0.601,0.415,0.67,0.601,0.41,0.413,0.413,0.673,0.675,0.41,0.459
0.441,0.531,0.306,0.38,0.518,0.539,1.0,0.396,0.442,0.365,0.511,0.389,0.506,0.376,0.381,0.945,0.5,0.557,0.549,0.986,0.551,0.531,0.55,0.537,0.514,0.496,0.507,0.381,0.421,0.435,0.382,0.516,0.0,0.508,0.491,0.413,0.99,0.489,0.391,0.519,0.381,0.512,0.504,0.389,0.389,0.404,0.51,0.51,0.368,0.435
0.433,0.426,0.334,0.709,0.446,0.428,0.396,1.0,0.416,0.687,0.419,0.706,0.42,0.69,0.691,0.404,0.411,0.404,0.422,0.393,0.402,0.409,0.414,0.443,0.426,0.403,0.419,0.893,0.486,0.414,0.689,0.417,0.0,0.411,0.386,0.619,0.395,0.437,0.664,0.421,0.691,0.418,0.423,0.886,0.873,0.446,0.414,0.415,0.64,0.48
0.593,0.455,0.395,0.435,0.467,0.445,0.442,0.416,1.0,0.428,0.49,0.417,0.483,0.432,0.427,0.455,0.463,0.466,0.454,0.44,0.453,0.45,0.447,0.493,0.471,0.462,0.491,0.43,0.506,0.594,0.408,0.45,0.0,0.45,0.443,0.429,0.442,0.477,0.415,0.466,0.406,0.455,0.486,0.407,0.402,0.443,0.462,0.461,0.413,0.507
0.442,0.416,0.327,0.726,0.43,0.396,0.365,0.687,0.428,1.0,0.441,0.697,0.431,0.727,0.716,0.377,0.406,0.385,0.405,0.365,0.387,0.392,0.39,0.425,0.423,0.423,0.42,0.71,0.466,0.409,0.707,0.394,0.0,0.388,0.4,0.613,0.365,0.425,0.666,0.405,0.702,0.397,0.418,0.678,0.686,0.424,0.403,0.402,0.664,0.459
0.496,0.602,0.357,0.435,0.778,0.598,0.511,0.419,0.49,0.441,1.0,0.424,0.763,0.443,0.434,0.52,0.619,0.678,0.687,0.51,0.67,0.686,0.68,0.646,0.622,0.635,0.726,0.431,0.475,0.478,0.414,0.684,0.0,0.677,0.63,0.435,0.511,0.709,0.425,0.711,0.415,0.628,0.719,0.416,0.417,0.411,0.628,0.627,0.438,0.475
0.446,0.438,0.326,0.72,0.449,0.418,0.389,0.706,0.417,0.697,0.424,1.0,0.422,0.709,0.84,0.401,0.426,0.395,0.408,0.386,0.404,0.399,0.405,0.447,0.429,0.423,0.415,0.707,0.484,0.423,0.666,0.414,0.0,0.407,0.399,0.619,0.388,0.433,0.672,0.412,0.687,0.413,0.423,0.7,0.703,0.44,0.427,0.429,0.638,0.471
0.485,0.616,0.353,0.425,0.704,0.604,0.506,0.42,0.483,0.431,0.763,0.422,1.0,0.433,0.429,0.518,0.623,0.691,0.731,0.504,0.717,0.764,0.758,0.651,0.625,0.626,0.768,0.428,0.473,0.469,0.409,0.713,0.0,0.764,0.622,0.421,0.507,0.75,0.416,0.755,0.41,0.623,0.75,0.412,0.413,0.404,0.638,0.636,0.416,0.479
0.425,0.408,0.324,0.752,0.436,0.406,0.376,0.69,0.432,0.727,0.443,0.709,0.433,1.0,0.749,0.384,0.416,0.398,0.401,0.375,0.392,0.397,0.401,0.435,0.429,0.422,0.432,0.737,0.469,0.404,0.69,0.409,0.0,0.392,0.406,0.62,0.376,0.433,0.655,0.401,0.703,0.411,0.421,0.696,0.692,0.435,0.411,0.41,0.654,0.46
0.429,0.417,0.324,0.767,0.441,0.414,0.381,0.691,0.427,0.716,0.434,0.84,0.429,0.749,1.0,0.389,0.422,0.396,0.399,0.38,0.401,0.403,0.411,0.429,0.424,0.411,0.424,0.727,0.478,0.415,0.698,0.411,0.0,0.4,0.396,0.624,0.381,0.431,0.674,0.409,0.713,0.409,0.43,0.7,0.696,0.44,0.426,0.425,0.658,0.485
0.454,0.536,0.315,0.388,0.531,0.547,0.945,0.404,0.455,0.377,0.52,0.401,0.518,0.384,0.389,1.0,0.517,0.553,0.549,0.941,0.536,0.54,0.549,0.553,0.526,0.511,0.514,0.39,0.431,0.448,0.39,0.52,0.0,0.514,0.505,0.423,0.942,0.505,0.398,0.529,0.393,0.522,0.512,0.396,0.401,0.405,0.523,0.523,0.382,0.445
0.48,0.696,0.342,0.423,0.642,0.671,0.5,0.411,0.463,0.406,0.619,0.426,0.623,0.416,0.422,0.517,1.0,0.601,0.602,0.495,0.596,0.608,0.606,0.757,0.724,0.745,0.612,0.417,0.464,0.449,0.393,0.637,0.0,0.621,0.689,0.424,0.499,0.616,0.419,0.612,0.398,0.658,0.617,0.403,0.414,0.391,0.686,0.685,0.42,0.46
0.477,0.594,0.326,0.402,0.656,0.606,0.557,0.404,0.466,0.385,0.678,0.395,0.691,0.398,0.396,0.553,0.601,1.0,0.758,0.553,0.715,0.732,0.726,0.609,0.588,0.587,0.698,0.398,0.454,0.469,0.393,0.681,0.0,0.68,0.568,0.432,0.553,0.662,0.417,0.701,0.392,0.618,0.682,0.398,0.399,0.411,0.611,0.611,0.388,0.473
0.461,0.608,0.332,0.403,0.682,0.614,0.549,0.422,0.454,0.405,0.687,0.408,0.731,0.401,0.399,0.549,0.602,0.758,1.0,0.546,0.727,0.745,0.734,0.627,0.611,0.589,0.712,0.411,0.45,0.455,0.407,0.703,0.0,0.698,0.589,0.429,0.55,0.685,0.418,0.722,0.405,0.622,0.701,0.414,0.413,0.4,0.615,0.615,0.399,0.468
0.437,0.529,0.304,0.378,0.514,0.534,0.986,0.393,0.44,0.365,0.51,0.386,0.504,0.375,0.38,0.941,0.495,0.553,0.546,1.0,0.545,0.53,0.544,0.529,0.515,0.496,0.501,0.378,0.418,0.433,0.38,0.514,0.0,0.502,0.488,0.411,0.993,0.486,0.389,0.518,0.379,0.511,0.501,0.384,0.384,0.404,0.508,0.508,0.367,0.434
0.46,0.591,0.312,0.4,0.681,0.587,0.551,0.402,0.453,0.387,0.67,0.404,0.717,0.392,0.401,0.536,0.596,0.715,0.727,0.545,1.0,0.723,0.737,0.603,0.584,0.586,0.706,0.393,0.438,0.459,0.393,0.702,0.0,0.704,0.567,0.424,0.545,0.691,0.407,0.713,0.4,0.588,0.702,0.396,0.396,0.402,0.601,0.601,0.385,0.446
0.456,0.603,0.32,0.402,0.678,0.6,0.531,0.409,0.45,0.392,0.686,0.399,0.764,0.397,0.403,0.54,0.608,0.732,0.745,0.53,0.723,1.0,0.921,0.614,0.598,0.58,0.717,0.401,0.438,0.453,0.4,0.711,0.0,0.862,0.574,0.423,0.531,0.696,0.409,0.724,0.402,0.611,0.706,0.401,0.4,0.401,0.61,0.61,0.395,0.451
0.459,0.607,0.318,0.413,0.679,0.61,0.55,0.414,0.447,0.39,0.68,0.405,0.758,0.401,0.411,0.549,0.606,0.726,0.734,0.544,0.737,0.921,1.0,0.62,0.598,0.582,0.716,0.404,0.443,0.447,0.41,0.721,0.0,0.841,0.57,0.429,0.547,0.688,0.411,0.718,0.413,0.611,0.696,0.41,0.41,0.402,0.601,0.601,0.395,0.447
0.51,0.787,0.359,0.439,0.644,0.776,0.537,0.443,0.493,0.425,0.646,0.447,0.651,0.435,0.429,0.553,0.757,0.609,0.627,0.529,0.603,0.614,0.62,1.0,0.827,0.738,0.645,0.433,0.48,0.474,0.412,0.629,0.0,0.633,0.792,0.428,0.533,0.639,0.422,0.623,0.412,0.698,0.635,0.414,0.423,0.417,0.705,0.705,0.427,0.47
0.491,0.784,0.353,0.435,0.63,0.781,0.514,0.426,0.471,0.423,0.622,0.429,0.625,0.429,0.424,0.526,0.724,0.588,0.611,0.515,0.584,0.598,0.598,0.827,1.0,0.728,0.616,0.425,0.471,0.459,0.407,0.62,0.0,0.607,0.775,0.417,0.517,0.626,0.422,0.607,0.408,0.673,0.62,0.416,0.413,0.4,0.685,0.684,0.434,0.452
0.474,0.691,0.341,0.417,0.617,0.664,0.496,0.403,0.462,0.423,0.635,0.423,0.626,0.422,0.411,0.511,0.745,0.587,0.589,0.496,0.586,0.58,0.582,0.738,0.728,1.0,0.613,0.407,0.445,0.454,0.392,0.591,0.0,0.588,0.701,0.413,0.497,0.616,0.412,0.599,0.396,0.666,0.6,0.404,0.4,0.392,0.681,0.68,0.427,0.442
0.485,0.595,0.349,0.422,0.69,0.594,0.507,0.419,0.491,0.42,0.726,0.415,0.768,0.432,0.424,0.514,0.612,0.698,0.712,0.501,0.706,0.717,0.716,0.645,0.616,0.613,1.0,0.427,0.465,0.47,0.399,0.711,0.0,0.707,0.604,0.422,0.503,0.816,0.406,0.737,0.404,0.614,0.83,0.413,0.408,0.405,0.619,0.617,0.415,0.465
0.438,0.413,0.343,0.751,0.434,0.403,0.381,0.893,0.43,0.71,0.431,0.707,0.428,0.737,0.727,0.39,0.417,0.398,0.411,0.378,0.393,0.401,0.404,0.433,0.425,0.407,0.427,1.0,0.479,0.413,0.689,0.413,0.0,0.4,0.387,0.62,0.381,0.438,0.661,0.407,0.703,0.407,0.425,0.934,0.914,0.439,0.406,0.406,0.659,0.468
0.52,0.461,0.388,0.483,0.488,0.466,0.421,0.486,0.506,0.466,0.475,0.484,0.473,0.469,0.478,0.431,0.464,0.454,0.45,0.418,0.438,0.438,0.443,0.48,0.471,0.445,0.465,0.479,1.0,0.489,0.454,0.463,0.0,0.451,0.433,0.472,0.421,0.47,0.456,0.46,0.454,0.452,0.467,0.466,0.469,0.536,0.462,0.461,0.47,0.827
0.574,0.458,0.377,0.42,0.49,0.438,0.435,0.414,0.594,0.409,0.478,0.423,0.469,0.404,0.415,0.448,0.449,0.469,0.455,0.433,0.459,0.453,0.447,0.474,0.459,0.454,0.47,0.413,0.489,1.0,0.394,0.457,0.0,0.446,0.431,0.427,0.434,0.464,0.406,0.493,0.399,0.457,0.469,0.402,0.404,0.449,0.467,0.468,0.394,0.503
0.398,0.412,0.303,0.706,0.43,0.409,0.382,0.689,0.408,0.707,0.414,0.666,0.409,0.69,0.698,0.39,0.393,0.393,0.407,0.38,0.393,0.4,0.41,0.412,0.407,0.392,0.399,0.689,0.454,0.394,1.0,0.408,0.0,0.393,0.375,0.62,0.382,0.402,0.648,0.405,0.894,0.411,0.399,0.695,0.691,0.435,0.404,0.404,0.635,0.458
0.464,0.625,0.322,0.416,0.702,0.62,0.516,0.417,0.45,0.394,0.684,0.414,0.713,0.409,0.411,0.52,0.637,0.681,0.703,0.514,0.702,0.711,0.721,0.629,0.62,0.591,0.711,0.413,0.463,0.457,0.408,1.0,0.0,0.701,0.577,0.416,0.517,0.714,0.421,0.724,0.404,0.612,0.718,0.415,0.422,0.403,0.626,0.627,0.405,0.459
0.0,0.0,0.0,0.0,0.0,0.0,0.0,0.0,0.0,0.0,0.0,0.0,0.0,0.0,0.0,0.0,0.0,0.0,0.0,0.0,0.0,0.0,0.0,0.0,0.0,0.0,0.0,0.0,0.0,0.0,0.0,0.0,1.0,0.0,0.0,0.0,0.0,0.0,0.0,0.0,0.0,0.0,0.0,0.0,0.0,0.0,0.0,0.0,0.0,0.0
0.46,0.601,0.333,0.403,0.674,0.611,0.508,0.411,0.45,0.388,0.677,0.407,0.764,0.392,0.4,0.514,0.621,0.68,0.698,0.502,0.704,0.862,0.841,0.633,0.607,0.588,0.707,0.4,0.451,0.446,0.393,0.701,0.0,1.0,0.58,0.431,0.506,0.693,0.408,0.709,0.39,0.602,0.701,0.396,0.401,0.398,0.617,0.619,0.392,0.452
0.464,0.719,0.33,0.399,0.602,0.725,0.491,0.386,0.443,0.4,0.63,0.399,0.622,0.406,0.396,0.505,0.689,0.568,0.589,0.488,0.567,0.574,0.57,0.792,0.775,0.701,0.604,0.387,0.433,0.431,0.375,0.577,0.0,0.58,1.0,0.394,0.488,0.597,0.392,0.588,0.379,0.649,0.589,0.371,0.376,0.372,0.648,0.649,0.388,0.427
0.433,0.406,0.328,0.638,0.434,0.423,0.413,0.619,0.429,0.613,0.435,0.619,0.421,0.62,0.624,0.423,0.424,0.432,0.429,0.411,0.424,0.423,0.429,0.428,0.417,0.413,0.422,0.62,0.472,0.427,0.62,0.416,0.0,0.431,0.394,1.0,0.41,0.418,0.629,0.424,0.627,0.425,0.418,0.615,0.618,0.434,0.423,0.423,0.609,0.473
0.44,0.53,0.306,0.379,0.518,0.537,0.99,0.395,0.442,0.365,0.511,0.388,0.507,0.376,0.381,0.942,0.499,0.553,0.55,0.993,0.545,0.531,0.547,0.533,0.517,0.497,0.503,0.381,0.421,0.434,0.382,0.517,0.0,0.506,0.488,0.41,1.0,0.49,0.389,0.519,0.381,0.512,0.505,0.387,0.387,0.404,0.51,0.51,0.368,0.435
0.499,0.616,0.349,0.422,0.691,0.604,0.489,0.437,0.477,0.425,0.709,0.433,0.75,0.433,0.431,0.505,0.616,0.662,0.685,0.486,0.691,0.696,0.688,0.639,0.626,0.616,0.816,0.438,0.47,0.464,0.402,0.714,0.0,0.693,0.597,0.418,0.49,1.0,0.422,0.719,0.409,0.605,0.846,0.418,0.408,0.402,0.63,0.629,0.419,0.463
0.413,0.409,0.313,0.678,0.43,0.419,0.391,0.664,0.415,0.666,0.425,0.672,0.416,0.655,0.674,0.398,0.419,0.417,0.418,0.389,0.407,0.409,0.411,0.422,0.422,0.412,0.406,0.661,0.456,0.406,0.648,0.421,0.0,0.408,0.392,0.629,0.389,0.422,1.0,0.418,0.651,0.421,0.417,0.658,0.657,0.43,0.424,0.424,0.624,0.451
0.473,0.609,0.338,0.405,0.709,0.601,0.519,0.421,0.466,0.405,0.711,0.412,0.755,0.401,0.409,0.529,0.612,0.701,0.722,0.518,0.713,0.724,0.718,0.623,0.607,0.599,0.737,0.407,0.46,0.493,0.405,0.724,0.0,0.709,0.588,0.424,0.519,0.719,0.418,1.0,0.403,0.632,0.739,0.408,0.418,0.416,0.652,0.653,0.402,0.481
0.405,0.42,0.313,0.721,0.44,0.415,0.381,0.691,0.406,0.702,0.415,0.687,0.41,0.703,0.713,0.393,0.398,0.392,0.405,0.379,0.4,0.402,0.413,0.412,0.408,0.396,0.404,0.703,0.454,0.399,0.894,0.404,0.0,0.39,0.379,0.627,0.381,0.409,0.651,0.403,1.0,0.416,0.4,0.712,0.707,0.438,0.404,0.404,0.636,0.464
0.456,0.67,0.336,0.412,0.646,0.67,0.512,0.418,0.455,0.397,0.628,0.413,0.623,0.411,0.409,0.522,0.658,0.618,0.622,0.511,0.588,0.611,0.611,0.698,0.673,0.666,0.614,0.407,0.452,0.457,0.411,0.612,0.0,0.602,0.649,0.425,0.512,0.605,0.421,0.632,0.416,1.0,0.631,0.405,0.403,0.389,0.713,0.713,0.405,0.459
0.495,0.604,0.35,0.42,0.698,0.601,0.504,0.423,0.486,0.418,0.719,0.423,0.75,0.421,0.43,0.512,0.617,0.682,0.701,0.501,0.702,0.706,0.696,0.635,0.62,0.6,0.83,0.425,0.467,0.469,0.399,0.718,0.0,0.701,0.589,0.418,0.505,0.846,0.417,0.739,0.4,0.631,1.0,0.407,0.403,0.405,0.631,0.629,0.414,0.466
0.42,0.435,0.331,0.722,0.433,0.41,0.389,0.886,0.407,0.678,0.416,0.7,0.412,0.696,0.7,0.396,0.403,0.398,0.414,0.384,0.396,0.401,0.41,0.414,0.416,0.404,0.413,0.934,0.466,0.402,0.695,0.415,0.0,0.396,0.371,0.615,0.387,0.418,0.658,0.408,0.712,0.405,0.407,1.0,0.953,0.447,0.397,0.399,0.651,0.459
0.437,0.439,0.323,0.715,0.44,0.413,0.389,0.873,0.402,0.686,0.417,0.703,0.413,0.692,0.696,0.401,0.414,0.399,0.413,0.384,0.396,0.4,0.41,0.423,0.413,0.4,0.408,0.914,0.469,0.404,0.691,0.422,0.0,0.401,0.376,0.618,0.387,0.408,0.657,0.418,0.707,0.403,0.403,0.953,1.0,0.445,0.406,0.408,0.642,0.457
0.448,0.428,0.327,0.443,0.426,0.413,0.404,0.446,0.443,0.424,0.411,0.44,0.404,0.435,0.44,0.405,0.391,0.411,0.4,0.404,0.402,0.401,0.402,0.417,0.4,0.392,0.405,0.439,0.536,0.449,0.435,0.403,0.0,0.398,0.372,0.434,0.404,0.402,0.43,0.416,0.438,0.389,0.405,0.447,0.445,1.0,0.413,0.415,0.418,0.597
0.476,0.663,0.343,0.416,0.657,0.673,0.51,0.414,0.462,0.403,0.628,0.427,0.638,0.411,0.426,0.523,0.686,0.611,0.615,0.508,0.601,0.61,0.601,0.705,0.685,0.681,0.619,0.406,0.462,0.467,0.404,0.626,0.0,0.617,0.648,0.423,0.51,0.63,0.424,0.652,0.404,0.713,0.631,0.397,0.406,0.413,1.0,0.995,0.41,0.47
0.477,0.663,0.341,0.415,0.659,0.675,0.51,0.415,0.461,0.402,0.627,0.429,0.636,0.41,0.425,0.523,0.685,0.611,0.615,0.508,0.601,0.61,0.601,0.705,0.684,0.68,0.617,0.406,0.461,0.468,0.404,0.627,0.0,0.619,0.649,0.423,0.51,0.629,0.424,0.653,0.404,0.713,0.629,0.399,0.408,0.415,0.995,1.0,0.409,0.472
0.425,0.423,0.334,0.67,0.429,0.41,0.368,0.64,0.413,0.664,0.438,0.638,0.416,0.654,0.658,0.382,0.42,0.388,0.399,0.367,0.385,0.395,0.395,0.427,0.434,0.427,0.415,0.659,0.47,0.394,0.635,0.405,0.0,0.392,0.388,0.609,0.368,0.419,0.624,0.402,0.636,0.405,0.414,0.651,0.642,0.418,0.41,0.409,1.0,0.452
0.505,0.46,0.388,0.482,0.481,0.459,0.435,0.48,0.507,0.459,0.475,0.471,0.479,0.46,0.485,0.445,0.46,0.473,0.468,0.434,0.446,0.451,0.447,0.47,0.452,0.442,0.465,0.468,0.827,0.503,0.458,0.459,0.0,0.452,0.427,0.473,0.435,0.463,0.451,0.481,0.464,0.459,0.466,0.459,0.457,0.597,0.47,0.472,0.452,1.0
