GCF_000163235.1_ASM16323v1_genomic.fna,GCF_000164555.1_ASM16455v1_genomic.fna,GCF_000208545.1_ASM20854v2_genomic.fna,GCF_000233875.1_ASM23387v1_genomic.fna,GCF_000249735.1_ASM24973v2_genomic.fna,GCF_000261145.1_Esch_coli_M919_V2_genomic.fna,GCF_000267705.2_ASM26770v2_genomic.fna,GCF_000350665.1_Esch_coli_KTE5_V1_genomic.fna,GCF_000351625.1_Esch_coli_KTE66_V1_genomic.fna,GCF_000352285.1_Esch_coli_KTE46_V1_genomic.fna,GCF_000358895.1_ASM35889v1_genomic.fna,GCF_000456385.1_Esch_coli_HVH_26_4-5703913_V1_genomic.fna,GCF_000458195.1_Esch_coli_HVH_147_4-5893887_V1_genomic.fna,GCF_000459755.1_Esch_coli_KOEGE_58_171a_V1_genomic.fna,GCF_000460055.1_Esch_coli_UMEA_3053-1_V1_genomic.fna,GCF_000462165.2_ASM46216v2_genomic.fna,GCF_000601135.1_ASM60113v1_genomic.fna,GCF_000614595.1_Ec2010EL1058_genomic.fna,GCF_000617745.1_Ec2010C-4529_genomic.fna,GCF_000618265.2_EcF6751_genomic.fna,GCF_000619005.2_Ec2009C-4052_genomic.fna,GCF_000619105.1_Ec2009C-4780_genomic.fna,GCF_000619765.2_Ec2009C-3279_genomic.fna,GCF_000687005.1_ASM68700v1_genomic.fna,GCF_000687025.1_ASM68702v1_genomic.fna,GCF_000700125.1_ASM70012v1_genomic.fna,GCF_000753315.1_FHI35_genomic.fna,GCF_000776375.1_ASM77637v1_genomic.fna,GCF_000779395.1_ASM77939v1_genomic.fna,GCF_000780315.1_ASM78031v1_genomic.fna,GCF_000781995.1_ASM78199v1_genomic.fna,GCF_000986765.1_ASM98676v1_genomic.fna,GCF_001041375.1_ViralProj287958_genomic.fna,GCF_001265335.1_302014_genomic.fna,GCF_001265625.1_100854_genomic.fna,GCF_001267345.1_303289_genomic.fna,GCF_001309985.1_ASM130998v1_genomic.fna,GCF_001521695.1_ASM152169v1_genomic.fna,GCF_001592595.1_ASM159259v1_genomic.fna,GCF_001614975.1_ASM161497v1_genomic.fna,GCF_001692775.1_ASM169277v1_genomic.fna,GCF_001748915.1_ASM174891v1_genomic.fna,GCF_001749235.1_ASM174923v1_genomic.fna,GCF_001881155.1_ASM188115v1_genomic.fna,GCF_001881345.1_ASM188134v1_genomic.fna,GCF_001892405.1_ASM189240v1_genomic.fna,GCF_001892585.1_ASM189258v1_genomic.fna,GCF_001893985.1_ASM189398v1_genomic.fna,GCF_002001595.1_ASM200159v1_genomic.fna,GCF_002002145.1_ASM200214v1_genomic.fna
1.0,0.486,0.421,0.435,0.481,0.477,0.467,0.447,0.599,0.442,0.473,0.445,0.488,0.447,0.426,0.48,0.471,0.477,0.476,0.466,0.465,0.476,0.488,0.493,0.473,0.465,0.473,0.439,0.52,0.595,0.427,0.48,0.0,0.467,0.452,0.439,0.464,0.487,0.435,0.48,0.44,0.469,0.47,0.43,0.437,0.465,0.446,0.447,0.429,0.528
0.486,1.0,0.358,0.435,0.616,0.792,0.526,0.45,0.476,0.432,0.588,0.458,0.601,0.427,0.432,0.54,0.692,0.604,0.603,0.527,0.588,0.603,0.609,0.795,0.809,0.71,0.597,0.433,0.462,0.475,0.426,0.628,0.0,0.598,0.74,0.431,0.527,0.631,0.441,0.601,0.438,0.68,0.599,0.447,0.45,0.439,0.693,0.692,0.455,0.461
0.421,0.358,1.0,0.326,0.349,0.345,0.341,0.324,0.397,0.323,0.346,0.326,0.343,0.334,0.323,0.352,0.353,0.335,0.333,0.34,0.338,0.344,0.345,0.35,0.353,0.344,0.342,0.323,0.385,0.404,0.324,0.36,0.0,0.346,0.326,0.337,0.341,0.352,0.336,0.35,0.332,0.344,0.344,0.326,0.322,0.348,0.346,0.346,0.33,0.39
0.435,0.435,0.326,1.0,0.412,0.43,0.403,0.708,0.436,0.703,0.395,0.717,0.401,0.77,0.754,0.411,0.418,0.412,0.403,0.401,0.398,0.408,0.416,0.42,0.43,0.414,0.406,0.754,0.483,0.423,0.717,0.433,0.0,0.4,0.395,0.625,0.4,0.411,0.677,0.401,0.746,0.41,0.393,0.737,0.733,0.44,0.412,0.412,0.656,0.483
0.481,0.616,0.349,0.412,1.0,0.632,0.522,0.425,0.462,0.429,0.779,0.417,0.72,0.419,0.415,0.541,0.637,0.662,0.681,0.525,0.66,0.682,0.672,0.638,0.622,0.643,0.713,0.417,0.461,0.468,0.407,0.679,0.0,0.649,0.615,0.412,0.525,0.718,0.438,0.704,0.42,0.612,0.711,0.41,0.408,0.419,0.627,0.629,0.417,0.45
0.477,0.792,0.345,0.43,0.632,1.0,0.549,0.457,0.48,0.421,0.596,0.44,0.619,0.423,0.435,0.561,0.696,0.635,0.631,0.549,0.61,0.624,0.64,0.79,0.801,0.696,0.612,0.434,0.476,0.476,0.426,0.632,0.0,0.636,0.748,0.444,0.547,0.636,0.464,0.612,0.433,0.695,0.62,0.433,0.431,0.433,0.702,0.703,0.445,0.471
0.467,0.526,0.341,0.403,0.522,0.549,1.0,0.415,0.481,0.393,0.512,0.425,0.513,0.405,0.415,0.945,0.519,0.579,0.555,0.99,0.573,0.557,0.574,0.53,0.528,0.52,0.524,0.404,0.436,0.468,0.399,0.536,0.0,0.535,0.511,0.436,0.986,0.52,0.428,0.524,0.403,0.524,0.527,0.408,0.412,0.424,0.515,0.515,0.4,0.441
0.447,0.45,0.324,0.708,0.425,0.457,0.415,1.0,0.442,0.71,0.399,0.686,0.408,0.727,0.685,0.421,0.423,0.413,0.414,0.414,0.405,0.406,0.414,0.436,0.428,0.433,0.413,0.901,0.484,0.426,0.72,0.434,0.0,0.41,0.399,0.616,0.411,0.441,0.684,0.417,0.724,0.43,0.408,0.897,0.876,0.438,0.429,0.429,0.662,0.473
0.599,0.476,0.397,0.436,0.462,0.48,0.481,0.442,1.0,0.433,0.465,0.438,0.477,0.44,0.444,0.494,0.462,0.48,0.467,0.481,0.464,0.479,0.48,0.48,0.471,0.46,0.474,0.434,0.505,0.624,0.436,0.477,0.0,0.469,0.444,0.456,0.481,0.477,0.451,0.48,0.441,0.471,0.481,0.43,0.43,0.458,0.457,0.457,0.435,0.522
0.442,0.432,0.323,0.703,0.429,0.421,0.393,0.71,0.433,1.0,0.428,0.672,0.423,0.705,0.681,0.404,0.415,0.404,0.401,0.393,0.382,0.409,0.401,0.429,0.418,0.425,0.408,0.714,0.474,0.42,0.714,0.406,0.0,0.39,0.415,0.606,0.393,0.41,0.671,0.418,0.725,0.4,0.394,0.699,0.702,0.418,0.4,0.4,0.649,0.458
0.473,0.588,0.346,0.395,0.779,0.596,0.512,0.399,0.465,0.428,1.0,0.396,0.737,0.404,0.396,0.529,0.602,0.674,0.68,0.514,0.648,0.696,0.68,0.627,0.594,0.622,0.696,0.399,0.434,0.461,0.391,0.661,0.0,0.653,0.635,0.417,0.514,0.686,0.425,0.718,0.4,0.596,0.694,0.392,0.39,0.406,0.601,0.602,0.396,0.438
0.445,0.458,0.326,0.717,0.417,0.44,0.425,0.686,0.438,0.672,0.396,1.0,0.408,0.732,0.86,0.419,0.42,0.411,0.41,0.423,0.413,0.408,0.415,0.43,0.431,0.422,0.402,0.706,0.473,0.428,0.685,0.439,0.0,0.413,0.407,0.605,0.42,0.42,0.671,0.409,0.717,0.42,0.405,0.711,0.717,0.458,0.43,0.431,0.644,0.461
0.488,0.601,0.343,0.401,0.72,0.619,0.513,0.408,0.477,0.423,0.737,0.408,1.0,0.401,0.404,0.534,0.625,0.717,0.737,0.515,0.705,0.792,0.777,0.644,0.611,0.631,0.771,0.407,0.449,0.49,0.401,0.72,0.0,0.749,0.607,0.423,0.516,0.738,0.434,0.779,0.408,0.613,0.748,0.401,0.398,0.415,0.607,0.608,0.402,0.456
0.447,0.427,0.334,0.77,0.419,0.423,0.405,0.727,0.44,0.705,0.404,0.732,0.401,1.0,0.759,0.415,0.416,0.413,0.409,0.405,0.398,0.406,0.411,0.411,0.424,0.412,0.41,0.77,0.488,0.416,0.736,0.43,0.0,0.4,0.389,0.636,0.405,0.416,0.696,0.41,0.768,0.409,0.401,0.754,0.745,0.439,0.413,0.414,0.674,0.488
0.426,0.432,0.323,0.754,0.415,0.435,0.415,0.685,0.444,0.681,0.396,0.86,0.404,0.759,1.0,0.412,0.418,0.406,0.399,0.415,0.404,0.407,0.412,0.417,0.427,0.413,0.403,0.715,0.465,0.414,0.711,0.427,0.0,0.409,0.394,0.615,0.414,0.411,0.681,0.404,0.734,0.413,0.404,0.717,0.719,0.452,0.428,0.429,0.653,0.473
0.48,0.54,0.352,0.411,0.541,0.561,0.945,0.421,0.494,0.404,0.529,0.419,0.534,0.415,0.412,1.0,0.532,0.585,0.564,0.947,0.566,0.576,0.586,0.546,0.542,0.534,0.533,0.416,0.445,0.485,0.407,0.542,0.0,0.546,0.52,0.443,0.948,0.534,0.444,0.542,0.413,0.539,0.536,0.414,0.414,0.423,0.531,0.531,0.412,0.453
0.471,0.692,0.353,0.418,0.637,0.696,0.519,0.423,0.462,0.415,0.602,0.42,0.625,0.416,0.418,0.532,1.0,0.607,0.611,0.522,0.595,0.63,0.626,0.74,0.718,0.757,0.627,0.415,0.463,0.456,0.401,0.644,0.0,0.623,0.686,0.425,0.518,0.623,0.44,0.618,0.412,0.663,0.627,0.415,0.421,0.402,0.679,0.68,0.415,0.45
0.477,0.604,0.335,0.412,0.662,0.635,0.579,0.413,0.48,0.404,0.674,0.411,0.717,0.413,0.406,0.585,0.607,1.0,0.774,0.581,0.719,0.738,0.745,0.634,0.629,0.613,0.705,0.414,0.449,0.488,0.407,0.686,0.0,0.701,0.597,0.439,0.581,0.674,0.451,0.682,0.412,0.634,0.684,0.405,0.402,0.418,0.618,0.619,0.41,0.461
0.476,0.603,0.333,0.403,0.681,0.631,0.555,0.414,0.467,0.401,0.68,0.41,0.737,0.409,0.399,0.564,0.611,0.774,1.0,0.556,0.718,0.747,0.733,0.637,0.622,0.617,0.719,0.406,0.455,0.475,0.399,0.697,0.0,0.689,0.61,0.427,0.553,0.692,0.433,0.709,0.407,0.616,0.704,0.399,0.394,0.425,0.609,0.611,0.399,0.457
0.466,0.527,0.34,0.401,0.525,0.549,0.99,0.414,0.481,0.393,0.514,0.423,0.515,0.405,0.415,0.947,0.522,0.581,0.556,1.0,0.573,0.559,0.574,0.531,0.53,0.521,0.526,0.404,0.435,0.469,0.399,0.537,0.0,0.537,0.509,0.436,0.99,0.521,0.426,0.525,0.403,0.525,0.529,0.407,0.411,0.424,0.517,0.517,0.4,0.441
0.465,0.588,0.338,0.398,0.66,0.61,0.573,0.405,0.464,0.382,0.648,0.413,0.705,0.398,0.404,0.566,0.595,0.719,0.718,0.573,1.0,0.735,0.75,0.6,0.599,0.597,0.699,0.406,0.428,0.467,0.396,0.71,0.0,0.716,0.565,0.43,0.572,0.685,0.435,0.692,0.405,0.604,0.699,0.4,0.398,0.423,0.628,0.629,0.402,0.446
0.476,0.603,0.344,0.408,0.682,0.624,0.557,0.406,0.479,0.409,0.696,0.408,0.792,0.406,0.407,0.576,0.63,0.738,0.747,0.559,0.735,1.0,0.923,0.636,0.618,0.627,0.753,0.408,0.444,0.479,0.404,0.724,0.0,0.854,0.604,0.428,0.561,0.724,0.439,0.747,0.41,0.619,0.74,0.402,0.399,0.422,0.607,0.608,0.404,0.453
0.488,0.609,0.345,0.416,0.672,0.64,0.574,0.414,0.48,0.401,0.68,0.415,0.777,0.411,0.412,0.586,0.626,0.745,0.733,0.574,0.75,0.923,1.0,0.623,0.625,0.618,0.744,0.414,0.451,0.479,0.405,0.729,0.0,0.858,0.594,0.432,0.572,0.716,0.452,0.727,0.413,0.624,0.727,0.407,0.405,0.423,0.612,0.613,0.408,0.46
0.493,0.795,0.35,0.42,0.638,0.79,0.53,0.436,0.48,0.429,0.627,0.43,0.644,0.411,0.417,0.546,0.74,0.634,0.637,0.531,0.6,0.636,0.623,1.0,0.817,0.748,0.643,0.421,0.467,0.476,0.41,0.613,0.0,0.615,0.802,0.433,0.531,0.633,0.436,0.642,0.422,0.697,0.638,0.418,0.423,0.432,0.694,0.694,0.418,0.467
0.473,0.809,0.353,0.43,0.622,0.801,0.528,0.428,0.471,0.418,0.594,0.431,0.611,0.424,0.427,0.542,0.718,0.629,0.622,0.53,0.599,0.618,0.625,0.817,1.0,0.749,0.612,0.425,0.468,0.461,0.42,0.641,0.0,0.609,0.781,0.43,0.53,0.628,0.443,0.605,0.429,0.687,0.616,0.434,0.432,0.429,0.698,0.697,0.444,0.465
0.465,0.71,0.344,0.414,0.643,0.696,0.52,0.433,0.46,0.425,0.622,0.422,0.631,0.412,0.413,0.534,0.757,0.613,0.617,0.521,0.597,0.627,0.618,0.748,0.749,1.0,0.633,0.422,0.454,0.448,0.41,0.616,0.0,0.602,0.699,0.428,0.521,0.633,0.436,0.639,0.416,0.676,0.613,0.431,0.425,0.409,0.694,0.694,0.437,0.45
0.473,0.597,0.342,0.406,0.713,0.612,0.524,0.413,0.474,0.408,0.696,0.402,0.771,0.41,0.403,0.533,0.627,0.705,0.719,0.526,0.699,0.753,0.744,0.643,0.612,0.633,1.0,0.406,0.447,0.478,0.401,0.73,0.0,0.711,0.607,0.416,0.527,0.814,0.424,0.765,0.404,0.61,0.83,0.399,0.397,0.416,0.607,0.608,0.406,0.455
0.439,0.433,0.323,0.754,0.417,0.434,0.404,0.901,0.434,0.714,0.399,0.706,0.407,0.77,0.715,0.416,0.415,0.414,0.406,0.404,0.406,0.408,0.414,0.421,0.425,0.422,0.406,1.0,0.485,0.424,0.721,0.432,0.0,0.405,0.388,0.619,0.404,0.432,0.681,0.408,0.754,0.421,0.399,0.958,0.931,0.431,0.42,0.421,0.673,0.47
0.52,0.462,0.385,0.483,0.461,0.476,0.436,0.484,0.505,0.474,0.434,0.473,0.449,0.488,0.465,0.445,0.463,0.449,0.455,0.435,0.428,0.444,0.451,0.467,0.468,0.454,0.447,0.485,1.0,0.489,0.464,0.451,0.0,0.438,0.44,0.479,0.434,0.45,0.485,0.439,0.468,0.448,0.446,0.477,0.476,0.546,0.438,0.439,0.461,0.834
0.595,0.475,0.404,0.423,0.468,0.476,0.468,0.426,0.624,0.42,0.461,0.428,0.49,0.416,0.414,0.485,0.456,0.488,0.475,0.469,0.467,0.479,0.479,0.476,0.461,0.448,0.478,0.424,0.489,1.0,0.414,0.47,0.0,0.466,0.435,0.443,0.469,0.472,0.431,0.481,0.428,0.462,0.482,0.416,0.409,0.456,0.444,0.445,0.408,0.507
0.427,0.426,0.324,0.717,0.407,0.426,0.399,0.72,0.436,0.714,0.391,0.685,0.401,0.736,0.711,0.407,0.401,0.407,0.399,0.399,0.396,0.404,0.405,0.41,0.42,0.41,0.401,0.721,0.464,0.414,1.0,0.417,0.0,0.397,0.384,0.627,0.4,0.411,0.667,0.401,0.898,0.408,0.392,0.713,0.706,0.427,0.415,0.415,0.658,0.46
0.48,0.628,0.36,0.433,0.679,0.632,0.536,0.434,0.477,0.406,0.661,0.439,0.72,0.43,0.427,0.542,0.644,0.686,0.697,0.537,0.71,0.724,0.729,0.613,0.641,0.616,0.73,0.432,0.451,0.47,0.417,1.0,0.0,0.717,0.587,0.433,0.536,0.736,0.447,0.726,0.424,0.624,0.735,0.424,0.429,0.421,0.625,0.627,0.423,0.442
0.0,0.0,0.0,0.0,0.0,0.0,0.0,0.0,0.0,0.0,0.0,0.0,0.0,0.0,0.0,0.0,0.0,0.0,0.0,0.0,0.0,0.0,0.0,0.0,0.0,0.0,0.0,0.0,0.0,0.0,0.0,0.0,1.0,0.0,0.0,0.0,0.0,0.0,0.0,0.0,0.0,0.0,0.0,0.0,0.0,0.0,0.0,0.0,0.0,0.0
0.467,0.598,0.346,0.4,0.649,0.636,0.535,0.41,0.469,0.39,0.653,0.413,0.749,0.4,0.409,0.546,0.623,0.701,0.689,0.537,0.716,0.854,0.858,0.615,0.609,0.602,0.711,0.405,0.438,0.466,0.397,0.717,0.0,1.0,0.579,0.438,0.538,0.695,0.447,0.706,0.401,0.621,0.715,0.398,0.401,0.413,0.611,0.613,0.397,0.451
0.452,0.74,0.326,0.395,0.615,0.748,0.511,0.399,0.444,0.415,0.635,0.407,0.607,0.389,0.394,0.52,0.686,0.597,0.61,0.509,0.565,0.604,0.594,0.802,0.781,0.699,0.607,0.388,0.44,0.435,0.384,0.587,0.0,0.579,1.0,0.408,0.507,0.599,0.419,0.608,0.391,0.643,0.6,0.384,0.388,0.405,0.651,0.651,0.392,0.435
0.439,0.431,0.337,0.625,0.412,0.444,0.436,0.616,0.456,0.606,0.417,0.605,0.423,0.636,0.615,0.443,0.425,0.439,0.427,0.436,0.43,0.428,0.432,0.433,0.43,0.428,0.416,0.619,0.479,0.443,0.627,0.433,0.0,0.438,0.408,1.0,0.435,0.411,0.655,0.425,0.636,0.431,0.415,0.61,0.605,0.451,0.426,0.426,0.607,0.489
0.464,0.527,0.341,0.4,0.525,0.547,0.986,0.411,0.481,0.393,0.514,0.42,0.516,0.405,0.414,0.948,0.518,0.581,0.553,0.99,0.572,0.561,0.572,0.531,0.53,0.521,0.527,0.404,0.434,0.469,0.4,0.536,0.0,0.538,0.507,0.435,1.0,0.521,0.427,0.526,0.403,0.523,0.528,0.407,0.409,0.423,0.518,0.518,0.399,0.441
0.487,0.631,0.352,0.411,0.718,0.636,0.52,0.441,0.477,0.41,0.686,0.42,0.738,0.416,0.411,0.534,0.623,0.674,0.692,0.521,0.685,0.724,0.716,0.633,0.628,0.633,0.814,0.432,0.45,0.472,0.411,0.736,0.0,0.695,0.599,0.411,0.521,1.0,0.431,0.752,0.425,0.627,0.843,0.425,0.415,0.413,0.625,0.626,0.418,0.444
0.435,0.441,0.336,0.677,0.438,0.464,0.428,0.684,0.451,0.671,0.425,0.671,0.434,0.696,0.681,0.444,0.44,0.451,0.433,0.426,0.435,0.439,0.452,0.436,0.443,0.436,0.424,0.681,0.485,0.431,0.667,0.447,0.0,0.447,0.419,0.655,0.427,0.431,1.0,0.426,0.676,0.431,0.421,0.67,0.669,0.446,0.438,0.438,0.644,0.48
0.48,0.601,0.35,0.401,0.704,0.612,0.524,0.417,0.48,0.418,0.718,0.409,0.779,0.41,0.404,0.542,0.618,0.682,0.709,0.525,0.692,0.747,0.727,0.642,0.605,0.639,0.765,0.408,0.439,0.481,0.401,0.726,0.0,0.706,0.608,0.425,0.526,0.752,0.426,1.0,0.409,0.6,0.762,0.399,0.402,0.42,0.615,0.615,0.402,0.458
0.44,0.438,0.332,0.746,0.42,0.433,0.403,0.724,0.441,0.725,0.4,0.717,0.408,0.768,0.734,0.413,0.412,0.412,0.407,0.403,0.405,0.41,0.413,0.422,0.429,0.416,0.404,0.754,0.468,0.428,0.898,0.424,0.0,0.401,0.391,0.636,0.403,0.425,0.676,0.409,1.0,0.421,0.4,0.746,0.738,0.433,0.423,0.423,0.67,0.466
0.469,0.68,0.344,0.41,0.612,0.695,0.524,0.43,0.471,0.4,0.596,0.42,0.613,0.409,0.413,0.539,0.663,0.634,0.616,0.525,0.604,0.619,0.624,0.697,0.687,0.676,0.61,0.421,0.448,0.462,0.408,0.624,0.0,0.621,0.643,0.431,0.523,0.627,0.431,0.6,0.421,1.0,0.632,0.419,0.416,0.409,0.717,0.718,0.423,0.455
0.47,0.599,0.344,0.393,0.711,0.62,0.527,0.408,0.481,0.394,0.694,0.405,0.748,0.401,0.404,0.536,0.627,0.684,0.704,0.529,0.699,0.74,0.727,0.638,0.616,0.613,0.83,0.399,0.446,0.482,0.392,0.735,0.0,0.715,0.6,0.415,0.528,0.843,0.421,0.762,0.4,0.632,1.0,0.391,0.39,0.416,0.62,0.621,0.393,0.453
0.43,0.447,0.326,0.737,0.41,0.433,0.408,0.897,0.43,0.699,0.392,0.711,0.401,0.754,0.717,0.414,0.415,0.405,0.399,0.407,0.4,0.402,0.407,0.418,0.434,0.431,0.399,0.958,0.477,0.416,0.713,0.424,0.0,0.398,0.384,0.61,0.407,0.425,0.67,0.399,0.746,0.419,0.391,1.0,0.957,0.436,0.421,0.422,0.685,0.458
0.437,0.45,0.322,0.733,0.408,0.431,0.412,0.876,0.43,0.702,0.39,0.717,0.398,0.745,0.719,0.414,0.421,0.402,0.394,0.411,0.398,0.399,0.405,0.423,0.432,0.425,0.397,0.931,0.476,0.409,0.706,0.429,0.0,0.401,0.388,0.605,0.409,0.415,0.669,0.402,0.738,0.416,0.39,0.957,1.0,0.437,0.426,0.427,0.667,0.459
0.465,0.439,0.348,0.44,0.419,0.433,0.424,0.438,0.458,0.418,0.406,0.458,0.415,0.439,0.452,0.423,0.402,0.418,0.425,0.424,0.423,0.422,0.423,0.432,0.429,0.409,0.416,0.431,0.546,0.456,0.427,0.421,0.0,0.413,0.405,0.451,0.423,0.413,0.446,0.42,0.433,0.409,0.416,0.436,0.437,1.0,0.438,0.437,0.432,0.606
0.446,0.693,0.346,0.412,0.627,0.702,0.515,0.429,0.457,0.4,0.601,0.43,0.607,0.413,0.428,0.531,0.679,0.618,0.609,0.517,0.628,0.607,0.612,0.694,0.698,0.694,0.607,0.42,0.438,0.444,0.415,0.625,0.0,0.611,0.651,0.426,0.518,0.625,0.438,0.615,0.423,0.717,0.62,0.421,0.426,0.438,1.0,0.997,0.422,0.452
0.447,0.692,0.346,0.412,0.629,0.703,0.515,0.429,0.457,0.4,0.602,0.431,0.608,0.414,0.429,0.531,0.68,0.619,0.611,0.517,0.629,0.608,0.613,0.694,0.697,0.694,0.608,0.421,0.439,0.445,0.415,0.627,0.0,0.613,0.651,0.426,0.518,0.626,0.438,0.615,0.423,0.718,0.621,0.422,0.427,0.437,0.997,1.0,0.422,0.453
0.429,0.455,0.33,0.656,0.417,0.445,0.4,0.662,0.435,0.649,0.396,0.644,0.402,0.674,0.653,0.412,0.415,0.41,0.399,0.4,0.402,0.404,0.408,0.418,0.444,0.437,0.406,0.673,0.461,0.408,0.658,0.423,0.0,0.397,0.392,0.607,0.399,0.418,0.644,0.402,0.67,0.423,0.393,0.685,0.667,0.432,0.422,0.422,1.0,0.459
0.528,0.461,0.39,0.483,0.45,0.471,0.441,0.473,0.522,0.458,0.438,0.461,0.456,0.488,0.473,0.453,0.45,0.461,0.457,0.441,0.446,0.453,0.46,0.467,0.465,0.45,0.455,0.47,0.834,0.507,0.46,0.442,0.0,0.451,0.435,0.489,0.441,0.444,0.48,0.458,0.466,0.455,0.453,0.458,0.459,0.606,0.452,0.453,0.459,1.0
