GCF_000163235.1_ASM16323v1_genomic.fna,GCF_000164555.1_ASM16455v1_genomic.fna,GCF_000208545.1_ASM20854v2_genomic.fna,GCF_000233875.1_ASM23387v1_genomic.fna,GCF_000249735.1_ASM24973v2_genomic.fna,GCF_000261145.1_Esch_coli_M919_V2_genomic.fna,GCF_000267705.2_ASM26770v2_genomic.fna,GCF_000350665.1_Esch_coli_KTE5_V1_genomic.fna,GCF_000351625.1_Esch_coli_KTE66_V1_genomic.fna,GCF_000352285.1_Esch_coli_KTE46_V1_genomic.fna,GCF_000358895.1_ASM35889v1_genomic.fna,GCF_000456385.1_Esch_coli_HVH_26_4-5703913_V1_genomic.fna,GCF_000458195.1_Esch_coli_HVH_147_4-5893887_V1_genomic.fna,GCF_000459755.1_Esch_coli_KOEGE_58_171a_V1_genomic.fna,GCF_000460055.1_Esch_coli_UMEA_3053-1_V1_genomic.fna,GCF_000462165.2_ASM46216v2_genomic.fna,GCF_000601135.1_ASM60113v1_genomic.fna,GCF_000614595.1_Ec2010EL1058_genomic.fna,GCF_000617745.1_Ec2010C-4529_genomic.fna,GCF_000618265.2_EcF6751_genomic.fna,GCF_000619005.2_Ec2009C-4052_genomic.fna,GCF_000619105.1_Ec2009C-4780_genomic.fna,GCF_000619765.2_Ec2009C-3279_genomic.fna,GCF_000687005.1_ASM68700v1_genomic.fna,GCF_000687025.1_ASM68702v1_genomic.fna,GCF_000700125.1_ASM70012v1_genomic.fna,GCF_000753315.1_FHI35_genomic.fna,GCF_000776375.1_ASM77637v1_genomic.fna,GCF_000779395.1_ASM77939v1_genomic.fna,GCF_000780315.1_ASM78031v1_genomic.fna,GCF_000781995.1_ASM78199v1_genomic.fna,GCF_000986765.1_ASM98676v1_genomic.fna,GCF_001041375.1_ViralProj287958_genomic.fna,GCF_001265335.1_302014_genomic.fna,GCF_001265625.1_100854_genomic.fna,GCF_001267345.1_303289_genomic.fna,GCF_001309985.1_ASM130998v1_genomic.fna,GCF_001521695.1_ASM152169v1_genomic.fna,GCF_001592595.1_ASM159259v1_genomic.fna,GCF_001614975.1_ASM161497v1_genomic.fna,GCF_001692775.1_ASM169277v1_genomic.fna,GCF_001748915.1_ASM174891v1_genomic.fna,GCF_001749235.1_ASM174923v1_genomic.fna,GCF_001881155.1_ASM188115v1_genomic.fna,GCF_001881345.1_ASM188134v1_genomic.fna,GCF_001892405.1_ASM189240v1_genomic.fna,GCF_001892585.1_ASM189258v1_genomic.fna,GCF_001893985.1_ASM189398v1_genomic.fna,GCF_002001595.1_ASM200159v1_genomic.fna,GCF_002002145.1_ASM200214v1_genomic.fna
1.0,0.5,0.372,0.419,0.475,0.469,0.442,0.438,0.581,0.443,0.458,0.438,0.46,0.404,0.395,0.447,0.46,0.466,0.463,0.437,0.437,0.446,0.46,0.479,0.458,0.452,0.457,0.43,0.515,0.561,0.4,0.459,0.0,0.447,0.44,0.426,0.438,0.476,0.432,0.468,0.412,0.462,0.443,0.435,0.455,0.448,0.453,0.455,0.411,0.488
0.5,1.0,0.314,0.433,0.607,0.743,0.507,0.436,0.447,0.424,0.576,0.445,0.586,0.391,0.398,0.515,0.677,0.587,0.591,0.503,0.576,0.585,0.593,0.77,0.752,0.658,0.584,0.427,0.442,0.43,0.404,0.604,0.0,0.578,0.718,0.402,0.503,0.617,0.412,0.582,0.417,0.673,0.582,0.44,0.448,0.387,0.651,0.652,0.425,0.425
0.372,0.314,1.0,0.304,0.309,0.309,0.308,0.313,0.352,0.307,0.309,0.305,0.317,0.305,0.301,0.313,0.306,0.305,0.306,0.307,0.301,0.309,0.314,0.302,0.303,0.296,0.302,0.31,0.354,0.353,0.301,0.321,0.0,0.311,0.278,0.306,0.306,0.311,0.303,0.314,0.311,0.317,0.307,0.314,0.312,0.31,0.318,0.318,0.31,0.343
0.419,0.433,0.304,1.0,0.422,0.418,0.387,0.699,0.413,0.706,0.408,0.724,0.41,0.74,0.752,0.391,0.411,0.398,0.415,0.384,0.394,0.408,0.406,0.42,0.418,0.395,0.404,0.732,0.468,0.416,0.689,0.411,0.0,0.409,0.391,0.6,0.383,0.408,0.663,0.409,0.713,0.402,0.398,0.732,0.725,0.434,0.409,0.41,0.649,0.447
0.475,0.607,0.309,0.422,1.0,0.638,0.515,0.428,0.445,0.423,0.781,0.414,0.718,0.404,0.409,0.526,0.625,0.652,0.668,0.513,0.655,0.69,0.674,0.624,0.618,0.601,0.684,0.422,0.46,0.449,0.408,0.684,0.0,0.684,0.603,0.409,0.513,0.688,0.421,0.704,0.422,0.633,0.687,0.416,0.416,0.393,0.649,0.648,0.42,0.431
0.469,0.743,0.309,0.418,0.638,1.0,0.515,0.426,0.436,0.439,0.617,0.419,0.636,0.421,0.41,0.525,0.693,0.601,0.594,0.511,0.571,0.607,0.594,0.797,0.792,0.681,0.614,0.437,0.442,0.442,0.388,0.598,0.0,0.605,0.757,0.413,0.511,0.634,0.427,0.618,0.402,0.674,0.627,0.413,0.412,0.377,0.679,0.677,0.42,0.418
0.442,0.507,0.308,0.387,0.515,0.515,1.0,0.396,0.443,0.379,0.501,0.375,0.503,0.354,0.365,0.943,0.506,0.539,0.539,0.981,0.542,0.537,0.561,0.504,0.485,0.483,0.501,0.378,0.425,0.415,0.369,0.525,0.0,0.514,0.474,0.417,0.985,0.482,0.387,0.496,0.371,0.514,0.483,0.38,0.384,0.379,0.498,0.498,0.369,0.421
0.438,0.436,0.313,0.699,0.428,0.426,0.396,1.0,0.416,0.688,0.406,0.693,0.416,0.677,0.67,0.401,0.414,0.4,0.413,0.394,0.388,0.41,0.41,0.432,0.408,0.396,0.419,0.897,0.49,0.406,0.669,0.407,0.0,0.412,0.389,0.595,0.392,0.434,0.658,0.41,0.682,0.402,0.408,0.905,0.88,0.429,0.401,0.402,0.642,0.444
0.581,0.447,0.352,0.413,0.445,0.436,0.443,0.416,1.0,0.417,0.444,0.406,0.451,0.406,0.401,0.446,0.429,0.442,0.437,0.441,0.421,0.445,0.455,0.432,0.421,0.428,0.449,0.411,0.496,0.579,0.417,0.457,0.0,0.44,0.41,0.443,0.44,0.445,0.42,0.454,0.422,0.439,0.433,0.41,0.412,0.451,0.439,0.439,0.406,0.486
0.443,0.424,0.307,0.706,0.423,0.439,0.379,0.688,0.417,1.0,0.435,0.692,0.427,0.712,0.695,0.389,0.409,0.389,0.403,0.376,0.378,0.402,0.394,0.435,0.425,0.413,0.416,0.718,0.47,0.425,0.711,0.391,0.0,0.396,0.404,0.603,0.375,0.424,0.659,0.414,0.723,0.398,0.42,0.691,0.698,0.421,0.405,0.401,0.687,0.435
0.458,0.576,0.309,0.408,0.781,0.617,0.501,0.406,0.444,0.435,1.0,0.405,0.736,0.418,0.4,0.512,0.615,0.642,0.644,0.499,0.635,0.685,0.658,0.643,0.627,0.645,0.687,0.428,0.436,0.456,0.396,0.652,0.0,0.669,0.624,0.397,0.498,0.694,0.406,0.706,0.4,0.615,0.7,0.403,0.4,0.386,0.62,0.616,0.415,0.414
0.438,0.445,0.305,0.724,0.414,0.419,0.375,0.693,0.406,0.692,0.405,1.0,0.417,0.702,0.84,0.379,0.414,0.394,0.405,0.369,0.388,0.41,0.4,0.431,0.418,0.397,0.412,0.711,0.481,0.425,0.658,0.405,0.0,0.405,0.399,0.605,0.37,0.42,0.658,0.421,0.688,0.389,0.405,0.707,0.705,0.454,0.415,0.414,0.642,0.45
0.46,0.586,0.317,0.41,0.718,0.636,0.503,0.416,0.451,0.427,0.736,0.417,1.0,0.414,0.41,0.517,0.622,0.684,0.692,0.502,0.698,0.795,0.763,0.637,0.61,0.61,0.756,0.431,0.443,0.46,0.398,0.7,0.0,0.778,0.61,0.4,0.502,0.748,0.413,0.758,0.403,0.604,0.75,0.405,0.402,0.382,0.623,0.62,0.42,0.42
0.404,0.391,0.305,0.74,0.404,0.421,0.354,0.677,0.406,0.712,0.418,0.702,0.414,1.0,0.737,0.361,0.4,0.382,0.396,0.351,0.363,0.395,0.384,0.419,0.424,0.404,0.404,0.73,0.46,0.414,0.676,0.384,0.0,0.387,0.402,0.568,0.35,0.408,0.65,0.401,0.697,0.382,0.408,0.702,0.697,0.423,0.392,0.388,0.648,0.436
0.395,0.398,0.301,0.752,0.409,0.41,0.365,0.67,0.401,0.695,0.4,0.84,0.41,0.737,1.0,0.372,0.399,0.39,0.395,0.364,0.379,0.402,0.388,0.4,0.396,0.381,0.406,0.7,0.46,0.411,0.689,0.393,0.0,0.395,0.381,0.604,0.362,0.403,0.66,0.401,0.71,0.385,0.399,0.69,0.684,0.439,0.409,0.406,0.654,0.452
0.447,0.515,0.313,0.391,0.526,0.525,0.943,0.401,0.446,0.389,0.512,0.379,0.517,0.361,0.372,1.0,0.509,0.539,0.55,0.945,0.534,0.543,0.554,0.516,0.498,0.49,0.505,0.384,0.433,0.426,0.376,0.512,0.0,0.52,0.487,0.413,0.94,0.496,0.388,0.506,0.384,0.527,0.494,0.384,0.39,0.381,0.514,0.514,0.383,0.416
0.46,0.677,0.306,0.411,0.625,0.693,0.506,0.414,0.429,0.409,0.615,0.414,0.622,0.4,0.399,0.509,1.0,0.582,0.576,0.501,0.558,0.603,0.589,0.733,0.701,0.726,0.613,0.416,0.43,0.441,0.374,0.618,0.0,0.597,0.671,0.398,0.503,0.604,0.405,0.606,0.384,0.66,0.598,0.403,0.406,0.374,0.68,0.679,0.394,0.401
0.466,0.587,0.305,0.398,0.652,0.601,0.539,0.4,0.442,0.389,0.642,0.394,0.684,0.382,0.39,0.539,0.582,1.0,0.737,0.536,0.7,0.728,0.72,0.592,0.574,0.562,0.666,0.398,0.436,0.417,0.389,0.685,0.0,0.684,0.567,0.423,0.534,0.653,0.405,0.681,0.393,0.603,0.648,0.396,0.401,0.384,0.594,0.595,0.385,0.414
0.463,0.591,0.306,0.415,0.668,0.594,0.539,0.413,0.437,0.403,0.644,0.405,0.692,0.396,0.395,0.55,0.576,0.737,1.0,0.539,0.71,0.723,0.717,0.59,0.578,0.555,0.685,0.41,0.442,0.427,0.394,0.685,0.0,0.681,0.577,0.415,0.537,0.67,0.422,0.683,0.399,0.596,0.666,0.404,0.405,0.397,0.592,0.593,0.402,0.422
0.437,0.503,0.307,0.384,0.513,0.511,0.981,0.394,0.441,0.376,0.499,0.369,0.502,0.351,0.364,0.945,0.501,0.536,0.539,1.0,0.543,0.535,0.555,0.5,0.485,0.479,0.497,0.377,0.424,0.414,0.368,0.522,0.0,0.509,0.471,0.415,0.984,0.48,0.381,0.493,0.371,0.512,0.481,0.377,0.38,0.38,0.496,0.496,0.369,0.419
0.437,0.576,0.301,0.394,0.655,0.571,0.542,0.388,0.421,0.378,0.635,0.388,0.698,0.363,0.379,0.534,0.558,0.7,0.71,0.543,1.0,0.725,0.731,0.566,0.556,0.548,0.674,0.382,0.413,0.416,0.382,0.71,0.0,0.708,0.558,0.403,0.54,0.666,0.401,0.687,0.393,0.576,0.664,0.383,0.389,0.368,0.574,0.575,0.384,0.401
0.446,0.585,0.309,0.408,0.69,0.607,0.537,0.41,0.445,0.402,0.685,0.41,0.795,0.395,0.402,0.543,0.603,0.728,0.723,0.535,0.725,1.0,0.908,0.609,0.591,0.582,0.743,0.414,0.433,0.448,0.387,0.717,0.0,0.869,0.58,0.395,0.534,0.726,0.408,0.736,0.391,0.589,0.727,0.404,0.4,0.378,0.616,0.613,0.411,0.41
0.46,0.593,0.314,0.406,0.674,0.594,0.561,0.41,0.455,0.394,0.658,0.4,0.763,0.384,0.388,0.554,0.589,0.72,0.717,0.555,0.731,0.908,1.0,0.587,0.574,0.565,0.724,0.409,0.432,0.428,0.396,0.736,0.0,0.84,0.559,0.41,0.558,0.7,0.412,0.707,0.402,0.59,0.7,0.407,0.408,0.385,0.59,0.59,0.399,0.417
0.479,0.77,0.302,0.42,0.624,0.797,0.504,0.432,0.432,0.435,0.643,0.431,0.637,0.419,0.4,0.516,0.733,0.592,0.59,0.5,0.566,0.609,0.587,1.0,0.822,0.722,0.618,0.44,0.432,0.447,0.386,0.603,0.0,0.6,0.793,0.4,0.5,0.63,0.408,0.61,0.399,0.674,0.636,0.413,0.415,0.377,0.673,0.671,0.407,0.407
0.458,0.752,0.303,0.418,0.618,0.792,0.485,0.408,0.421,0.425,0.627,0.418,0.61,0.424,0.396,0.498,0.701,0.574,0.578,0.485,0.556,0.591,0.574,0.822,1.0,0.726,0.601,0.419,0.419,0.433,0.376,0.6,0.0,0.576,0.789,0.385,0.486,0.617,0.394,0.594,0.385,0.658,0.62,0.406,0.401,0.365,0.663,0.66,0.415,0.393
0.452,0.658,0.296,0.395,0.601,0.681,0.483,0.396,0.428,0.413,0.645,0.397,0.61,0.404,0.381,0.49,0.726,0.562,0.555,0.479,0.548,0.582,0.565,0.722,0.726,1.0,0.597,0.409,0.413,0.433,0.372,0.574,0.0,0.571,0.698,0.382,0.481,0.602,0.378,0.602,0.375,0.658,0.599,0.4,0.391,0.358,0.663,0.66,0.398,0.393
0.457,0.584,0.302,0.404,0.684,0.614,0.501,0.419,0.449,0.416,0.687,0.412,0.756,0.404,0.406,0.505,0.613,0.666,0.685,0.497,0.674,0.743,0.724,0.618,0.601,0.597,1.0,0.426,0.433,0.456,0.393,0.711,0.0,0.724,0.583,0.395,0.496,0.814,0.404,0.744,0.4,0.605,0.815,0.414,0.406,0.381,0.615,0.611,0.415,0.41
0.43,0.427,0.31,0.732,0.422,0.437,0.378,0.897,0.411,0.718,0.428,0.711,0.431,0.73,0.7,0.384,0.416,0.398,0.41,0.377,0.382,0.414,0.409,0.44,0.419,0.409,0.426,1.0,0.488,0.415,0.677,0.412,0.0,0.407,0.405,0.593,0.375,0.447,0.655,0.418,0.703,0.393,0.418,0.952,0.924,0.42,0.404,0.401,0.671,0.439
0.515,0.442,0.354,0.468,0.46,0.442,0.425,0.49,0.496,0.47,0.436,0.481,0.443,0.46,0.46,0.433,0.43,0.436,0.442,0.424,0.413,0.433,0.432,0.432,0.419,0.413,0.433,0.488,1.0,0.492,0.456,0.433,0.0,0.433,0.407,0.474,0.421,0.444,0.467,0.433,0.46,0.421,0.423,0.487,0.488,0.534,0.423,0.424,0.454,0.783
0.561,0.43,0.353,0.416,0.449,0.442,0.415,0.406,0.579,0.425,0.456,0.425,0.46,0.414,0.411,0.426,0.441,0.417,0.427,0.414,0.416,0.448,0.428,0.447,0.433,0.433,0.456,0.415,0.492,1.0,0.395,0.419,0.0,0.436,0.423,0.421,0.411,0.456,0.413,0.468,0.403,0.427,0.456,0.401,0.398,0.446,0.45,0.447,0.412,0.479
0.4,0.404,0.301,0.689,0.408,0.388,0.369,0.669,0.417,0.711,0.396,0.658,0.398,0.676,0.689,0.376,0.374,0.389,0.394,0.368,0.382,0.387,0.396,0.386,0.376,0.372,0.393,0.677,0.456,0.395,1.0,0.393,0.0,0.382,0.37,0.592,0.366,0.39,0.645,0.392,0.889,0.389,0.382,0.681,0.682,0.426,0.377,0.377,0.65,0.43
0.459,0.604,0.321,0.411,0.684,0.598,0.525,0.407,0.457,0.391,0.652,0.405,0.7,0.384,0.393,0.512,0.618,0.685,0.685,0.522,0.71,0.717,0.736,0.603,0.6,0.574,0.711,0.412,0.433,0.419,0.393,1.0,0.0,0.704,0.556,0.415,0.521,0.712,0.418,0.715,0.397,0.608,0.699,0.409,0.414,0.392,0.604,0.604,0.393,0.419
0.0,0.0,0.0,0.0,0.0,0.0,0.0,0.0,0.0,0.0,0.0,0.0,0.0,0.0,0.0,0.0,0.0,0.0,0.0,0.0,0.0,0.0,0.0,0.0,0.0,0.0,0.0,0.0,0.0,0.0,0.0,0.0,1.0,0.0,0.0,0.0,0.0,0.0,0.0,0.0,0.0,0.0,0.0,0.0,0.0,0.0,0.0,0.0,0.0,0.0
0.447,0.578,0.311,0.409,0.684,0.605,0.514,0.412,0.44,0.396,0.669,0.405,0.778,0.387,0.395,0.52,0.597,0.684,0.681,0.509,0.708,0.869,0.84,0.6,0.576,0.571,0.724,0.407,0.433,0.436,0.382,0.704,0.0,1.0,0.573,0.405,0.511,0.707,0.419,0.716,0.384,0.582,0.715,0.403,0.401,0.371,0.6,0.602,0.4,0.412
0.44,0.718,0.278,0.391,0.603,0.757,0.474,0.389,0.41,0.404,0.624,0.399,0.61,0.402,0.381,0.487,0.671,0.567,0.577,0.471,0.558,0.58,0.559,0.793,0.789,0.698,0.583,0.405,0.407,0.423,0.37,0.556,0.0,0.573,1.0,0.375,0.472,0.602,0.383,0.593,0.373,0.639,0.603,0.381,0.381,0.352,0.634,0.631,0.384,0.381
0.426,0.402,0.306,0.6,0.409,0.413,0.417,0.595,0.443,0.603,0.397,0.605,0.4,0.568,0.604,0.413,0.398,0.423,0.415,0.415,0.403,0.395,0.41,0.4,0.385,0.382,0.395,0.593,0.474,0.421,0.592,0.415,0.0,0.405,0.375,1.0,0.414,0.389,0.62,0.399,0.6,0.396,0.38,0.595,0.605,0.43,0.395,0.395,0.585,0.453
0.438,0.503,0.306,0.383,0.513,0.511,0.985,0.392,0.44,0.375,0.498,0.37,0.502,0.35,0.362,0.94,0.503,0.534,0.537,0.984,0.54,0.534,0.558,0.5,0.486,0.481,0.496,0.375,0.421,0.411,0.366,0.521,0.0,0.511,0.472,0.414,1.0,0.479,0.38,0.493,0.368,0.512,0.48,0.376,0.379,0.379,0.497,0.497,0.366,0.42
0.476,0.617,0.311,0.408,0.688,0.634,0.482,0.434,0.445,0.424,0.694,0.42,0.748,0.408,0.403,0.496,0.604,0.653,0.67,0.48,0.666,0.726,0.7,0.63,0.617,0.602,0.814,0.447,0.444,0.456,0.39,0.712,0.0,0.707,0.602,0.389,0.479,1.0,0.409,0.735,0.396,0.601,0.849,0.427,0.408,0.386,0.619,0.617,0.42,0.413
0.432,0.412,0.303,0.663,0.421,0.427,0.387,0.658,0.42,0.659,0.406,0.658,0.413,0.65,0.66,0.388,0.405,0.405,0.422,0.381,0.401,0.408,0.412,0.408,0.394,0.378,0.404,0.655,0.467,0.413,0.645,0.418,0.0,0.419,0.383,0.62,0.38,0.409,1.0,0.406,0.661,0.403,0.392,0.661,0.664,0.429,0.399,0.4,0.629,0.442
0.468,0.582,0.314,0.409,0.704,0.618,0.496,0.41,0.454,0.414,0.706,0.421,0.758,0.401,0.401,0.506,0.606,0.681,0.683,0.493,0.687,0.736,0.707,0.61,0.594,0.602,0.744,0.418,0.433,0.468,0.392,0.715,0.0,0.716,0.593,0.399,0.493,0.735,0.406,1.0,0.394,0.603,0.737,0.402,0.406,0.394,0.64,0.638,0.403,0.432
0.412,0.417,0.311,0.713,0.422,0.402,0.371,0.682,0.422,0.723,0.4,0.688,0.403,0.697,0.71,0.384,0.384,0.393,0.399,0.371,0.393,0.391,0.402,0.399,0.385,0.375,0.4,0.703,0.46,0.403,0.889,0.397,0.0,0.384,0.373,0.6,0.368,0.396,0.661,0.394,1.0,0.404,0.389,0.708,0.71,0.432,0.388,0.388,0.661,0.437
0.462,0.673,0.317,0.402,0.633,0.674,0.514,0.402,0.439,0.398,0.615,0.389,0.604,0.382,0.385,0.527,0.66,0.603,0.596,0.512,0.576,0.589,0.59,0.674,0.658,0.658,0.605,0.393,0.421,0.427,0.389,0.608,0.0,0.582,0.639,0.396,0.512,0.601,0.403,0.603,0.404,1.0,0.611,0.394,0.397,0.372,0.711,0.713,0.39,0.402
0.443,0.582,0.307,0.398,0.687,0.627,0.483,0.408,0.433,0.42,0.7,0.405,0.75,0.408,0.399,0.494,0.598,0.648,0.666,0.481,0.664,0.727,0.7,0.636,0.62,0.599,0.815,0.418,0.423,0.456,0.382,0.699,0.0,0.715,0.603,0.38,0.48,0.849,0.392,0.737,0.389,0.611,1.0,0.396,0.387,0.381,0.611,0.608,0.404,0.399
0.435,0.44,0.314,0.732,0.416,0.413,0.38,0.905,0.41,0.691,0.403,0.707,0.405,0.702,0.69,0.384,0.403,0.396,0.404,0.377,0.383,0.404,0.407,0.413,0.406,0.4,0.414,0.952,0.487,0.401,0.681,0.409,0.0,0.403,0.381,0.595,0.376,0.427,0.661,0.402,0.708,0.394,0.396,1.0,0.951,0.42,0.399,0.401,0.661,0.437
0.455,0.448,0.312,0.725,0.416,0.412,0.384,0.88,0.412,0.698,0.4,0.705,0.402,0.697,0.684,0.39,0.406,0.401,0.405,0.38,0.389,0.4,0.408,0.415,0.401,0.391,0.406,0.924,0.488,0.398,0.682,0.414,0.0,0.401,0.381,0.605,0.379,0.408,0.664,0.406,0.71,0.397,0.387,0.951,1.0,0.416,0.399,0.4,0.645,0.435
0.448,0.387,0.31,0.434,0.393,0.377,0.379,0.429,0.451,0.421,0.386,0.454,0.382,0.423,0.439,0.381,0.374,0.384,0.397,0.38,0.368,0.378,0.385,0.377,0.365,0.358,0.381,0.42,0.534,0.446,0.426,0.392,0.0,0.371,0.352,0.43,0.379,0.386,0.429,0.394,0.432,0.372,0.381,0.42,0.416,1.0,0.4,0.402,0.413,0.62
0.453,0.651,0.318,0.409,0.649,0.679,0.498,0.401,0.439,0.405,0.62,0.415,0.623,0.392,0.409,0.514,0.68,0.594,0.592,0.496,0.574,0.616,0.59,0.673,0.663,0.663,0.615,0.404,0.423,0.45,0.377,0.604,0.0,0.6,0.634,0.395,0.497,0.619,0.399,0.64,0.388,0.711,0.611,0.399,0.399,0.4,1.0,0.994,0.402,0.412
0.455,0.652,0.318,0.41,0.648,0.677,0.498,0.402,0.439,0.401,0.616,0.414,0.62,0.388,0.406,0.514,0.679,0.595,0.593,0.496,0.575,0.613,0.59,0.671,0.66,0.66,0.611,0.401,0.424,0.447,0.377,0.604,0.0,0.602,0.631,0.395,0.497,0.617,0.4,0.638,0.388,0.713,0.608,0.401,0.4,0.402,0.994,1.0,0.399,0.412
0.411,0.425,0.31,0.649,0.42,0.42,0.369,0.642,0.406,0.687,0.415,0.642,0.42,0.648,0.654,0.383,0.394,0.385,0.402,0.369,0.384,0.411,0.399,0.407,0.415,0.398,0.415,0.671,0.454,0.412,0.65,0.393,0.0,0.4,0.384,0.585,0.366,0.42,0.629,0.403,0.661,0.39,0.404,0.661,0.645,0.413,0.402,0.399,1.0,0.422
0.488,0.425,0.343,0.447,0.431,0.418,0.421,0.444,0.486,0.435,0.414,0.45,0.42,0.436,0.452,0.416,0.401,0.414,0.422,0.419,0.401,0.41,0.417,0.407,0.393,0.393,0.41,0.439,0.783,0.479,0.43,0.419,0.0,0.412,0.381,0.453,0.42,0.413,0.442,0.432,0.437,0.402,0.399,0.437,0.435,0.62,0.412,0.412,0.422,1.0
