GCF_000163235.1_ASM16323v1_genomic.fna,GCF_000164555.1_ASM16455v1_genomic.fna,GCF_000208545.1_ASM20854v2_genomic.fna,GCF_000233875.1_ASM23387v1_genomic.fna,GCF_000249735.1_ASM24973v2_genomic.fna,GCF_000261145.1_Esch_coli_M919_V2_genomic.fna,GCF_000267705.2_ASM26770v2_genomic.fna,GCF_000350665.1_Esch_coli_KTE5_V1_genomic.fna,GCF_000351625.1_Esch_coli_KTE66_V1_genomic.fna,GCF_000352285.1_Esch_coli_KTE46_V1_genomic.fna,GCF_000358895.1_ASM35889v1_genomic.fna,GCF_000456385.1_Esch_coli_HVH_26_4-5703913_V1_genomic.fna,GCF_000458195.1_Esch_coli_HVH_147_4-5893887_V1_genomic.fna,GCF_000459755.1_Esch_coli_KOEGE_58_171a_V1_genomic.fna,GCF_000460055.1_Esch_coli_UMEA_3053-1_V1_genomic.fna,GCF_000462165.2_ASM46216v2_genomic.fna,GCF_000601135.1_ASM60113v1_genomic.fna,GCF_000614595.1_Ec2010EL1058_genomic.fna,GCF_000617745.1_Ec2010C-4529_genomic.fna,GCF_000618265.2_EcF6751_genomic.fna,GCF_000619005.2_Ec2009C-4052_genomic.fna,GCF_000619105.1_Ec2009C-4780_genomic.fna,GCF_000619765.2_Ec2009C-3279_genomic.fna,GCF_000687005.1_ASM68700v1_genomic.fna,GCF_000687025.1_ASM68702v1_genomic.fna,GCF_000700125.1_ASM70012v1_genomic.fna,GCF_000753315.1_FHI35_genomic.fna,GCF_000776375.1_ASM77637v1_genomic.fna,GCF_000779395.1_ASM77939v1_genomic.fna,GCF_000780315.1_ASM78031v1_genomic.fna,GCF_000781995.1_ASM78199v1_genomic.fna,GCF_000986765.1_ASM98676v1_genomic.fna,GCF_001041375.1_ViralProj287958_genomic.fna,GCF_001265335.1_302014_genomic.fna,GCF_001265625.1_100854_genomic.fna,GCF_001267345.1_303289_genomic.fna,GCF_001309985.1_ASM130998v1_genomic.fna,GCF_001521695.1_ASM152169v1_genomic.fna,GCF_001592595.1_ASM159259v1_genomic.fna,GCF_001614975.1_ASM161497v1_genomic.fna,GCF_001692775.1_ASM169277v1_genomic.fna,GCF_001748915.1_ASM174891v1_genomic.fna,GCF_001749235.1_ASM174923v1_genomic.fna,GCF_001881155.1_ASM188115v1_genomic.fna,GCF_001881345.1_ASM188134v1_genomic.fna,GCF_001892405.1_ASM189240v1_genomic.fna,GCF_001892585.1_ASM189258v1_genomic.fna,GCF_001893985.1_ASM189398v1_genomic.fna,GCF_002001595.1_ASM200159v1_genomic.fna,GCF_002002145.1_ASM200214v1_genomic.fna
1.0,0.502,0.393,0.417,0.494,0.477,0.477,0.424,0.596,0.42,0.47,0.423,0.477,0.411,0.403,0.481,0.476,0.478,0.457,0.476,0.46,0.473,0.485,0.485,0.483,0.461,0.471,0.412,0.502,0.569,0.403,0.478,0.0,0.469,0.457,0.408,0.475,0.491,0.406,0.481,0.412,0.481,0.475,0.419,0.427,0.466,0.463,0.464,0.402,0.501
0.502,1.0,0.348,0.449,0.635,0.789,0.537,0.454,0.467,0.447,0.589,0.457,0.618,0.443,0.436,0.539,0.706,0.608,0.611,0.536,0.604,0.604,0.609,0.793,0.8,0.711,0.613,0.439,0.457,0.484,0.437,0.64,0.0,0.601,0.734,0.425,0.537,0.64,0.445,0.621,0.442,0.711,0.627,0.461,0.457,0.444,0.678,0.682,0.446,0.454
0.393,0.348,1.0,0.312,0.339,0.336,0.324,0.312,0.379,0.314,0.317,0.306,0.326,0.313,0.304,0.328,0.333,0.333,0.325,0.323,0.32,0.322,0.328,0.331,0.341,0.325,0.331,0.304,0.377,0.378,0.304,0.335,0.0,0.325,0.314,0.308,0.324,0.337,0.311,0.321,0.314,0.345,0.342,0.315,0.313,0.34,0.329,0.329,0.307,0.377
0.417,0.449,0.312,1.0,0.436,0.448,0.403,0.687,0.439,0.712,0.423,0.729,0.426,0.77,0.766,0.411,0.428,0.438,0.428,0.398,0.397,0.436,0.433,0.44,0.456,0.423,0.428,0.734,0.465,0.429,0.718,0.428,0.0,0.412,0.42,0.618,0.4,0.421,0.669,0.424,0.733,0.434,0.437,0.74,0.738,0.435,0.432,0.434,0.673,0.459
0.494,0.635,0.339,0.436,1.0,0.629,0.539,0.455,0.468,0.429,0.74,0.441,0.699,0.433,0.429,0.541,0.631,0.67,0.653,0.538,0.668,0.675,0.683,0.618,0.618,0.611,0.696,0.436,0.481,0.466,0.431,0.701,0.0,0.666,0.593,0.41,0.538,0.711,0.436,0.695,0.441,0.635,0.71,0.442,0.446,0.442,0.622,0.625,0.426,0.453
0.477,0.789,0.336,0.448,0.629,1.0,0.552,0.464,0.471,0.44,0.593,0.443,0.629,0.452,0.437,0.558,0.71,0.628,0.617,0.547,0.592,0.616,0.621,0.79,0.806,0.695,0.612,0.44,0.482,0.471,0.437,0.623,0.0,0.606,0.759,0.433,0.547,0.618,0.459,0.622,0.443,0.717,0.63,0.449,0.449,0.436,0.687,0.691,0.438,0.474
0.477,0.537,0.324,0.403,0.539,0.552,1.0,0.414,0.473,0.405,0.513,0.398,0.535,0.404,0.393,0.952,0.549,0.567,0.559,0.984,0.564,0.548,0.569,0.549,0.546,0.532,0.551,0.402,0.442,0.463,0.397,0.548,0.0,0.535,0.524,0.419,0.989,0.531,0.405,0.54,0.399,0.541,0.546,0.408,0.411,0.424,0.524,0.525,0.393,0.447
0.424,0.454,0.312,0.687,0.455,0.464,0.414,1.0,0.438,0.685,0.422,0.69,0.429,0.701,0.679,0.416,0.44,0.431,0.432,0.411,0.404,0.439,0.437,0.454,0.452,0.422,0.435,0.881,0.456,0.41,0.697,0.435,0.0,0.427,0.418,0.599,0.411,0.453,0.668,0.438,0.702,0.443,0.458,0.887,0.874,0.438,0.428,0.43,0.644,0.448
0.596,0.467,0.379,0.439,0.468,0.471,0.473,0.438,1.0,0.444,0.464,0.43,0.471,0.441,0.427,0.479,0.481,0.47,0.459,0.469,0.451,0.47,0.466,0.481,0.474,0.464,0.48,0.44,0.516,0.596,0.427,0.464,0.0,0.462,0.444,0.435,0.469,0.466,0.429,0.478,0.427,0.49,0.494,0.443,0.443,0.476,0.471,0.473,0.435,0.52
0.42,0.447,0.314,0.712,0.429,0.44,0.405,0.685,0.444,1.0,0.445,0.684,0.433,0.705,0.688,0.418,0.431,0.426,0.424,0.401,0.39,0.433,0.418,0.446,0.448,0.439,0.422,0.726,0.471,0.433,0.724,0.416,0.0,0.411,0.431,0.627,0.403,0.425,0.663,0.434,0.719,0.422,0.438,0.713,0.714,0.437,0.432,0.434,0.679,0.46
0.47,0.589,0.317,0.423,0.74,0.593,0.513,0.422,0.464,0.445,1.0,0.424,0.727,0.425,0.415,0.532,0.599,0.674,0.672,0.509,0.634,0.688,0.662,0.63,0.603,0.61,0.684,0.438,0.464,0.471,0.406,0.659,0.0,0.652,0.636,0.426,0.512,0.668,0.412,0.699,0.41,0.624,0.706,0.428,0.432,0.411,0.595,0.596,0.42,0.452
0.423,0.457,0.306,0.729,0.441,0.443,0.398,0.69,0.43,0.684,0.424,1.0,0.418,0.725,0.846,0.412,0.435,0.428,0.422,0.394,0.397,0.421,0.413,0.45,0.452,0.433,0.419,0.711,0.475,0.423,0.666,0.425,0.0,0.409,0.42,0.606,0.394,0.429,0.66,0.431,0.69,0.427,0.443,0.719,0.72,0.441,0.432,0.434,0.652,0.461
0.477,0.618,0.326,0.426,0.699,0.629,0.535,0.429,0.471,0.433,0.727,0.418,1.0,0.421,0.413,0.553,0.63,0.72,0.737,0.531,0.703,0.794,0.773,0.65,0.634,0.62,0.745,0.435,0.487,0.487,0.411,0.706,0.0,0.756,0.62,0.424,0.534,0.721,0.416,0.749,0.414,0.648,0.751,0.433,0.435,0.426,0.626,0.629,0.421,0.474
0.411,0.443,0.313,0.77,0.433,0.452,0.404,0.701,0.441,0.705,0.425,0.725,0.421,1.0,0.763,0.412,0.434,0.438,0.43,0.402,0.392,0.431,0.422,0.438,0.457,0.431,0.428,0.741,0.482,0.424,0.718,0.428,0.0,0.409,0.422,0.623,0.402,0.42,0.677,0.422,0.734,0.434,0.437,0.746,0.744,0.434,0.431,0.433,0.681,0.468
0.403,0.436,0.304,0.766,0.429,0.437,0.393,0.679,0.427,0.688,0.415,0.846,0.413,0.763,1.0,0.403,0.428,0.426,0.412,0.392,0.39,0.417,0.412,0.429,0.44,0.418,0.412,0.716,0.471,0.41,0.699,0.414,0.0,0.396,0.411,0.609,0.391,0.418,0.662,0.422,0.711,0.416,0.432,0.72,0.719,0.435,0.435,0.437,0.665,0.47
0.481,0.539,0.328,0.411,0.541,0.558,0.952,0.416,0.479,0.418,0.532,0.412,0.553,0.412,0.403,1.0,0.561,0.573,0.57,0.945,0.545,0.558,0.555,0.563,0.556,0.544,0.546,0.413,0.453,0.475,0.399,0.544,0.0,0.536,0.533,0.426,0.947,0.532,0.406,0.554,0.402,0.554,0.56,0.418,0.423,0.424,0.535,0.536,0.404,0.458
0.476,0.706,0.333,0.428,0.631,0.71,0.549,0.44,0.481,0.431,0.599,0.435,0.63,0.434,0.428,0.561,1.0,0.612,0.61,0.546,0.595,0.619,0.605,0.741,0.745,0.744,0.609,0.435,0.474,0.475,0.412,0.654,0.0,0.61,0.694,0.428,0.544,0.608,0.431,0.625,0.417,0.686,0.634,0.442,0.447,0.417,0.687,0.69,0.43,0.46
0.478,0.608,0.333,0.438,0.67,0.628,0.567,0.431,0.47,0.426,0.674,0.428,0.72,0.438,0.426,0.573,0.612,1.0,0.748,0.565,0.697,0.736,0.734,0.626,0.615,0.602,0.715,0.428,0.466,0.467,0.425,0.695,0.0,0.686,0.608,0.434,0.564,0.68,0.438,0.718,0.424,0.636,0.712,0.436,0.437,0.425,0.625,0.628,0.422,0.464
0.457,0.611,0.325,0.428,0.653,0.617,0.559,0.432,0.459,0.424,0.672,0.422,0.737,0.43,0.412,0.57,0.61,0.748,1.0,0.556,0.696,0.73,0.712,0.627,0.626,0.6,0.711,0.427,0.46,0.474,0.408,0.687,0.0,0.675,0.621,0.436,0.555,0.674,0.429,0.708,0.407,0.625,0.71,0.431,0.435,0.409,0.605,0.608,0.413,0.454
0.476,0.536,0.323,0.398,0.538,0.547,0.984,0.411,0.469,0.401,0.509,0.394,0.531,0.402,0.392,0.945,0.546,0.565,0.556,1.0,0.563,0.545,0.565,0.546,0.545,0.528,0.546,0.398,0.439,0.462,0.393,0.546,0.0,0.528,0.52,0.416,0.988,0.531,0.402,0.537,0.395,0.538,0.542,0.404,0.407,0.424,0.521,0.522,0.391,0.445
0.46,0.604,0.32,0.397,0.668,0.592,0.564,0.404,0.451,0.39,0.634,0.397,0.703,0.392,0.39,0.545,0.595,0.697,0.696,0.563,1.0,0.701,0.717,0.604,0.589,0.582,0.701,0.395,0.434,0.453,0.393,0.688,0.0,0.703,0.583,0.412,0.563,0.678,0.412,0.693,0.403,0.598,0.687,0.4,0.403,0.431,0.597,0.598,0.384,0.441
0.473,0.604,0.322,0.436,0.675,0.616,0.548,0.439,0.47,0.433,0.688,0.421,0.794,0.431,0.417,0.558,0.619,0.736,0.73,0.545,0.701,1.0,0.927,0.625,0.621,0.599,0.739,0.436,0.467,0.466,0.42,0.704,0.0,0.856,0.6,0.429,0.546,0.711,0.425,0.733,0.42,0.625,0.749,0.44,0.44,0.411,0.603,0.605,0.419,0.463
0.485,0.609,0.328,0.433,0.683,0.621,0.569,0.437,0.466,0.418,0.662,0.413,0.773,0.422,0.412,0.555,0.605,0.734,0.712,0.565,0.717,0.927,1.0,0.617,0.609,0.586,0.745,0.423,0.457,0.451,0.422,0.716,0.0,0.864,0.59,0.418,0.566,0.718,0.438,0.715,0.423,0.622,0.73,0.428,0.43,0.415,0.597,0.6,0.409,0.449
0.485,0.793,0.331,0.44,0.618,0.79,0.549,0.454,0.481,0.446,0.63,0.45,0.65,0.438,0.429,0.563,0.741,0.626,0.627,0.546,0.604,0.625,0.617,1.0,0.828,0.73,0.612,0.449,0.478,0.495,0.421,0.623,0.0,0.609,0.793,0.44,0.548,0.608,0.428,0.633,0.431,0.711,0.634,0.444,0.45,0.429,0.685,0.688,0.438,0.469
0.483,0.8,0.341,0.456,0.618,0.806,0.546,0.452,0.474,0.448,0.603,0.452,0.634,0.457,0.44,0.556,0.745,0.615,0.626,0.545,0.589,0.621,0.609,0.828,1.0,0.746,0.614,0.45,0.481,0.484,0.432,0.648,0.0,0.604,0.787,0.431,0.547,0.619,0.447,0.627,0.434,0.719,0.635,0.463,0.459,0.43,0.695,0.697,0.452,0.462
0.461,0.711,0.325,0.423,0.611,0.695,0.532,0.422,0.464,0.439,0.61,0.433,0.62,0.431,0.418,0.544,0.744,0.602,0.6,0.528,0.582,0.599,0.586,0.73,0.746,1.0,0.6,0.436,0.467,0.48,0.409,0.615,0.0,0.577,0.703,0.43,0.529,0.597,0.419,0.62,0.413,0.691,0.601,0.447,0.447,0.412,0.691,0.693,0.441,0.449
0.471,0.613,0.331,0.428,0.696,0.612,0.551,0.435,0.48,0.422,0.684,0.419,0.745,0.428,0.412,0.546,0.609,0.715,0.711,0.546,0.701,0.739,0.745,0.612,0.614,0.6,1.0,0.417,0.461,0.477,0.424,0.733,0.0,0.716,0.594,0.416,0.545,0.81,0.421,0.738,0.425,0.632,0.839,0.427,0.424,0.433,0.598,0.6,0.411,0.459
0.412,0.439,0.304,0.734,0.436,0.44,0.402,0.881,0.44,0.726,0.438,0.711,0.435,0.741,0.716,0.413,0.435,0.428,0.427,0.398,0.395,0.436,0.423,0.449,0.45,0.436,0.417,1.0,0.471,0.421,0.696,0.431,0.0,0.412,0.42,0.624,0.4,0.433,0.66,0.436,0.717,0.429,0.439,0.955,0.941,0.43,0.435,0.435,0.675,0.453
0.502,0.457,0.377,0.465,0.481,0.482,0.442,0.456,0.516,0.471,0.464,0.475,0.487,0.482,0.471,0.453,0.474,0.466,0.46,0.439,0.434,0.467,0.457,0.478,0.481,0.467,0.461,0.471,1.0,0.508,0.452,0.476,0.0,0.451,0.453,0.471,0.439,0.464,0.456,0.461,0.453,0.467,0.469,0.472,0.473,0.55,0.453,0.456,0.459,0.827
0.569,0.484,0.378,0.429,0.466,0.471,0.463,0.41,0.596,0.433,0.471,0.423,0.487,0.424,0.41,0.475,0.475,0.467,0.474,0.462,0.453,0.466,0.451,0.495,0.484,0.48,0.477,0.421,0.508,1.0,0.399,0.46,0.0,0.445,0.467,0.418,0.46,0.467,0.4,0.493,0.408,0.482,0.488,0.424,0.423,0.475,0.476,0.479,0.416,0.519
0.403,0.437,0.304,0.718,0.431,0.437,0.397,0.697,0.427,0.724,0.406,0.666,0.411,0.718,0.699,0.399,0.412,0.425,0.408,0.393,0.393,0.42,0.422,0.421,0.432,0.409,0.424,0.696,0.452,0.399,1.0,0.417,0.0,0.413,0.401,0.606,0.394,0.424,0.665,0.415,0.891,0.422,0.43,0.703,0.702,0.436,0.416,0.418,0.645,0.444
0.478,0.64,0.335,0.428,0.701,0.623,0.548,0.435,0.464,0.416,0.659,0.425,0.706,0.428,0.414,0.544,0.654,0.695,0.687,0.546,0.688,0.704,0.716,0.623,0.648,0.615,0.733,0.431,0.476,0.46,0.417,1.0,0.0,0.697,0.593,0.41,0.545,0.736,0.435,0.73,0.419,0.633,0.74,0.438,0.44,0.427,0.617,0.62,0.411,0.448
0.0,0.0,0.0,0.0,0.0,0.0,0.0,0.0,0.0,0.0,0.0,0.0,0.0,0.0,0.0,0.0,0.0,0.0,0.0,0.0,0.0,0.0,0.0,0.0,0.0,0.0,0.0,0.0,0.0,0.0,0.0,0.0,1.0,0.0,0.0,0.0,0.0,0.0,0.0,0.0,0.0,0.0,0.0,0.0,0.0,0.0,0.0,0.0,0.0,0.0
0.469,0.601,0.325,0.412,0.666,0.606,0.535,0.427,0.462,0.411,0.652,0.409,0.756,0.409,0.396,0.536,0.61,0.686,0.675,0.528,0.703,0.856,0.864,0.609,0.604,0.577,0.716,0.412,0.451,0.445,0.413,0.697,0.0,1.0,0.581,0.426,0.531,0.702,0.443,0.695,0.415,0.609,0.722,0.418,0.427,0.41,0.589,0.59,0.399,0.441
0.457,0.734,0.314,0.42,0.593,0.759,0.524,0.418,0.444,0.431,0.636,0.42,0.62,0.422,0.411,0.533,0.694,0.608,0.621,0.52,0.583,0.6,0.59,0.793,0.787,0.703,0.594,0.42,0.453,0.467,0.401,0.593,0.0,0.581,1.0,0.424,0.52,0.584,0.417,0.616,0.401,0.687,0.606,0.417,0.42,0.408,0.669,0.671,0.412,0.443
0.408,0.425,0.308,0.618,0.41,0.433,0.419,0.599,0.435,0.627,0.426,0.606,0.424,0.623,0.609,0.426,0.428,0.434,0.436,0.416,0.412,0.429,0.418,0.44,0.431,0.43,0.416,0.624,0.471,0.418,0.606,0.41,0.0,0.426,0.424,1.0,0.414,0.405,0.632,0.423,0.608,0.421,0.43,0.615,0.62,0.419,0.414,0.416,0.599,0.458
0.475,0.537,0.324,0.4,0.538,0.547,0.989,0.411,0.469,0.403,0.512,0.394,0.534,0.402,0.391,0.947,0.544,0.564,0.555,0.988,0.563,0.546,0.566,0.548,0.547,0.529,0.545,0.4,0.439,0.46,0.394,0.545,0.0,0.531,0.52,0.414,1.0,0.53,0.401,0.539,0.396,0.539,0.543,0.404,0.407,0.422,0.522,0.523,0.391,0.444
0.491,0.64,0.337,0.421,0.711,0.618,0.531,0.453,0.466,0.425,0.668,0.429,0.721,0.42,0.418,0.532,0.608,0.68,0.674,0.531,0.678,0.711,0.718,0.608,0.619,0.597,0.81,0.433,0.464,0.467,0.424,0.736,0.0,0.702,0.584,0.405,0.53,1.0,0.429,0.723,0.428,0.623,0.839,0.442,0.432,0.437,0.608,0.612,0.421,0.447
0.406,0.445,0.311,0.669,0.436,0.459,0.405,0.668,0.429,0.663,0.412,0.66,0.416,0.677,0.662,0.406,0.431,0.438,0.429,0.402,0.412,0.425,0.438,0.428,0.447,0.419,0.421,0.66,0.456,0.4,0.665,0.435,0.0,0.443,0.417,0.632,0.401,0.429,1.0,0.421,0.678,0.428,0.434,0.668,0.673,0.436,0.43,0.432,0.634,0.447
0.481,0.621,0.321,0.424,0.695,0.622,0.54,0.438,0.478,0.434,0.699,0.431,0.749,0.422,0.422,0.554,0.625,0.718,0.708,0.537,0.693,0.733,0.715,0.633,0.627,0.62,0.738,0.436,0.461,0.493,0.415,0.73,0.0,0.695,0.616,0.423,0.539,0.723,0.421,1.0,0.418,0.636,0.751,0.438,0.445,0.435,0.629,0.632,0.417,0.465
0.412,0.442,0.314,0.733,0.441,0.443,0.399,0.702,0.427,0.719,0.41,0.69,0.414,0.734,0.711,0.402,0.417,0.424,0.407,0.395,0.403,0.42,0.423,0.431,0.434,0.413,0.425,0.717,0.453,0.408,0.891,0.419,0.0,0.415,0.401,0.608,0.396,0.428,0.678,0.418,1.0,0.434,0.434,0.726,0.722,0.443,0.419,0.421,0.652,0.447
0.481,0.711,0.345,0.434,0.635,0.717,0.541,0.443,0.49,0.422,0.624,0.427,0.648,0.434,0.416,0.554,0.686,0.636,0.625,0.538,0.598,0.625,0.622,0.711,0.719,0.691,0.632,0.429,0.467,0.482,0.422,0.633,0.0,0.609,0.687,0.421,0.539,0.623,0.428,0.636,0.434,1.0,0.659,0.438,0.433,0.429,0.735,0.737,0.421,0.457
0.475,0.627,0.342,0.437,0.71,0.63,0.546,0.458,0.494,0.438,0.706,0.443,0.751,0.437,0.432,0.56,0.634,0.712,0.71,0.542,0.687,0.749,0.73,0.634,0.635,0.601,0.839,0.439,0.469,0.488,0.43,0.74,0.0,0.722,0.606,0.43,0.543,0.839,0.434,0.751,0.434,0.659,1.0,0.444,0.444,0.437,0.618,0.62,0.425,0.463
0.419,0.461,0.315,0.74,0.442,0.449,0.408,0.887,0.443,0.713,0.428,0.719,0.433,0.746,0.72,0.418,0.442,0.436,0.431,0.404,0.4,0.44,0.428,0.444,0.463,0.447,0.427,0.955,0.472,0.424,0.703,0.438,0.0,0.418,0.417,0.615,0.404,0.442,0.668,0.438,0.726,0.438,0.444,1.0,0.961,0.437,0.44,0.442,0.683,0.458
0.427,0.457,0.313,0.738,0.446,0.449,0.411,0.874,0.443,0.714,0.432,0.72,0.435,0.744,0.719,0.423,0.447,0.437,0.435,0.407,0.403,0.44,0.43,0.45,0.459,0.447,0.424,0.941,0.473,0.423,0.702,0.44,0.0,0.427,0.42,0.62,0.407,0.432,0.673,0.445,0.722,0.433,0.444,0.961,1.0,0.436,0.441,0.442,0.672,0.456
0.466,0.444,0.34,0.435,0.442,0.436,0.424,0.438,0.476,0.437,0.411,0.441,0.426,0.434,0.435,0.424,0.417,0.425,0.409,0.424,0.431,0.411,0.415,0.429,0.43,0.412,0.433,0.43,0.55,0.475,0.436,0.427,0.0,0.41,0.408,0.419,0.422,0.437,0.436,0.435,0.443,0.429,0.437,0.437,0.436,1.0,0.45,0.452,0.428,0.61
0.463,0.678,0.329,0.432,0.622,0.687,0.524,0.428,0.471,0.432,0.595,0.432,0.626,0.431,0.435,0.535,0.687,0.625,0.605,0.521,0.597,0.603,0.597,0.685,0.695,0.691,0.598,0.435,0.453,0.476,0.416,0.617,0.0,0.589,0.669,0.414,0.522,0.608,0.43,0.629,0.419,0.735,0.618,0.44,0.441,0.45,1.0,0.994,0.426,0.465
0.464,0.682,0.329,0.434,0.625,0.691,0.525,0.43,0.473,0.434,0.596,0.434,0.629,0.433,0.437,0.536,0.69,0.628,0.608,0.522,0.598,0.605,0.6,0.688,0.697,0.693,0.6,0.435,0.456,0.479,0.418,0.62,0.0,0.59,0.671,0.416,0.523,0.612,0.432,0.632,0.421,0.737,0.62,0.442,0.442,0.452,0.994,1.0,0.427,0.467
0.402,0.446,0.307,0.673,0.426,0.438,0.393,0.644,0.435,0.679,0.42,0.652,0.421,0.681,0.665,0.404,0.43,0.422,0.413,0.391,0.384,0.419,0.409,0.438,0.452,0.441,0.411,0.675,0.459,0.416,0.645,0.411,0.0,0.399,0.412,0.599,0.391,0.421,0.634,0.417,0.652,0.421,0.425,0.683,0.672,0.428,0.426,0.427,1.0,0.45
0.501,0.454,0.377,0.459,0.453,0.474,0.447,0.448,0.52,0.46,0.452,0.461,0.474,0.468,0.47,0.458,0.46,0.464,0.454,0.445,0.441,0.463,0.449,0.469,0.462,0.449,0.459,0.453,0.827,0.519,0.444,0.448,0.0,0.441,0.443,0.458,0.444,0.447,0.447,0.465,0.447,0.457,0.463,0.458,0.456,0.61,0.465,0.467,0.45,1.0
