GCF_000163235.1_ASM16323v1_genomic.fna,GCF_000164555.1_ASM16455v1_genomic.fna,GCF_000208545.1_ASM20854v2_genomic.fna,GCF_000233875.1_ASM23387v1_genomic.fna,GCF_000249735.1_ASM24973v2_genomic.fna,GCF_000261145.1_Esch_coli_M919_V2_genomic.fna,GCF_000267705.2_ASM26770v2_genomic.fna,GCF_000350665.1_Esch_coli_KTE5_V1_genomic.fna,GCF_000351625.1_Esch_coli_KTE66_V1_genomic.fna,GCF_000352285.1_Esch_coli_KTE46_V1_genomic.fna,GCF_000358895.1_ASM35889v1_genomic.fna,GCF_000456385.1_Esch_coli_HVH_26_4-5703913_V1_genomic.fna,GCF_000458195.1_Esch_coli_HVH_147_4-5893887_V1_genomic.fna,GCF_000459755.1_Esch_coli_KOEGE_58_171a_V1_genomic.fna,GCF_000460055.1_Esch_coli_UMEA_3053-1_V1_genomic.fna,GCF_000462165.2_ASM46216v2_genomic.fna,GCF_000601135.1_ASM60113v1_genomic.fna,GCF_000614595.1_Ec2010EL1058_genomic.fna,GCF_000617745.1_Ec2010C-4529_genomic.fna,GCF_000618265.2_EcF6751_genomic.fna,GCF_000619005.2_Ec2009C-4052_genomic.fna,GCF_000619105.1_Ec2009C-4780_genomic.fna,GCF_000619765.2_Ec2009C-3279_genomic.fna,GCF_000687005.1_ASM68700v1_genomic.fna,GCF_000687025.1_ASM68702v1_genomic.fna,GCF_000700125.1_ASM70012v1_genomic.fna,GCF_000753315.1_FHI35_genomic.fna,GCF_000776375.1_ASM77637v1_genomic.fna,GCF_000779395.1_ASM77939v1_genomic.fna,GCF_000780315.1_ASM78031v1_genomic.fna,GCF_000781995.1_ASM78199v1_genomic.fna,GCF_000986765.1_ASM98676v1_genomic.fna,GCF_001041375.1_ViralProj287958_genomic.fna,GCF_001265335.1_302014_genomic.fna,GCF_001265625.1_100854_genomic.fna,GCF_001267345.1_303289_genomic.fna,GCF_001309985.1_ASM130998v1_genomic.fna,GCF_001521695.1_ASM152169v1_genomic.fna,GCF_001592595.1_ASM159259v1_genomic.fna,GCF_001614975.1_ASM161497v1_genomic.fna,GCF_001692775.1_ASM169277v1_genomic.fna,GCF_001748915.1_ASM174891v1_genomic.fna,GCF_001749235.1_ASM174923v1_genomic.fna,GCF_001881155.1_ASM188115v1_genomic.fna,GCF_001881345.1_ASM188134v1_genomic.fna,GCF_001892405.1_ASM189240v1_genomic.fna,GCF_001892585.1_ASM189258v1_genomic.fna,GCF_001893985.1_ASM189398v1_genomic.fna,GCF_002001595.1_ASM200159v1_genomic.fna,GCF_002002145.1_ASM200214v1_genomic.fna
1.0,0.493,0.401,0.445,0.478,0.479,0.476,0.46,0.593,0.46,0.462,0.458,0.474,0.439,0.434,0.476,0.48,0.474,0.465,0.469,0.458,0.468,0.478,0.477,0.474,0.47,0.465,0.45,0.54,0.559,0.435,0.469,0.0,0.473,0.439,0.458,0.469,0.486,0.445,0.464,0.441,0.478,0.473,0.457,0.464,0.464,0.464,0.467,0.436,0.534
0.493,1.0,0.357,0.433,0.627,0.79,0.522,0.442,0.459,0.428,0.607,0.444,0.626,0.425,0.416,0.525,0.723,0.632,0.605,0.512,0.604,0.617,0.627,0.81,0.824,0.726,0.624,0.442,0.478,0.457,0.425,0.608,0.0,0.628,0.757,0.431,0.516,0.647,0.407,0.612,0.43,0.679,0.628,0.447,0.449,0.41,0.7,0.702,0.422,0.473
0.401,0.357,1.0,0.335,0.358,0.356,0.348,0.342,0.389,0.332,0.351,0.339,0.343,0.33,0.328,0.35,0.362,0.348,0.342,0.342,0.345,0.343,0.35,0.354,0.357,0.351,0.344,0.335,0.396,0.375,0.325,0.356,0.0,0.35,0.328,0.35,0.344,0.347,0.334,0.346,0.331,0.354,0.362,0.345,0.335,0.344,0.377,0.378,0.331,0.393
0.445,0.433,0.335,1.0,0.435,0.421,0.415,0.7,0.439,0.724,0.425,0.739,0.428,0.784,0.766,0.413,0.44,0.424,0.433,0.405,0.412,0.431,0.442,0.425,0.434,0.424,0.432,0.74,0.477,0.437,0.73,0.413,0.0,0.427,0.398,0.646,0.408,0.434,0.663,0.409,0.752,0.404,0.423,0.723,0.721,0.437,0.419,0.42,0.673,0.48
0.478,0.627,0.358,0.435,1.0,0.631,0.521,0.45,0.47,0.426,0.759,0.444,0.691,0.441,0.433,0.526,0.617,0.668,0.656,0.515,0.678,0.67,0.681,0.622,0.625,0.618,0.679,0.442,0.484,0.465,0.428,0.675,0.0,0.673,0.589,0.439,0.516,0.69,0.435,0.691,0.44,0.625,0.688,0.441,0.444,0.424,0.644,0.644,0.433,0.474
0.479,0.79,0.356,0.421,0.631,1.0,0.538,0.448,0.462,0.416,0.601,0.423,0.622,0.425,0.411,0.541,0.71,0.629,0.609,0.528,0.605,0.608,0.619,0.787,0.804,0.699,0.606,0.434,0.495,0.458,0.413,0.606,0.0,0.618,0.755,0.441,0.532,0.63,0.428,0.603,0.418,0.673,0.618,0.429,0.429,0.4,0.695,0.695,0.417,0.482
0.476,0.522,0.348,0.415,0.521,0.538,1.0,0.419,0.465,0.409,0.511,0.418,0.522,0.414,0.409,0.967,0.527,0.565,0.553,0.978,0.55,0.559,0.574,0.529,0.533,0.52,0.523,0.414,0.456,0.454,0.406,0.526,0.0,0.544,0.503,0.43,0.986,0.513,0.42,0.521,0.407,0.525,0.521,0.423,0.426,0.409,0.516,0.518,0.406,0.456
0.46,0.442,0.342,0.7,0.45,0.448,0.419,1.0,0.445,0.704,0.42,0.707,0.445,0.706,0.688,0.419,0.436,0.424,0.433,0.408,0.408,0.429,0.438,0.444,0.435,0.409,0.437,0.894,0.499,0.444,0.697,0.423,0.0,0.431,0.407,0.626,0.412,0.45,0.667,0.423,0.706,0.427,0.436,0.89,0.875,0.451,0.424,0.426,0.664,0.484
0.593,0.459,0.389,0.439,0.47,0.462,0.465,0.445,1.0,0.442,0.464,0.439,0.464,0.44,0.426,0.464,0.469,0.458,0.442,0.461,0.455,0.465,0.475,0.457,0.458,0.449,0.462,0.447,0.52,0.602,0.431,0.451,0.0,0.466,0.424,0.443,0.462,0.455,0.428,0.452,0.431,0.469,0.47,0.443,0.439,0.46,0.462,0.463,0.429,0.528
0.46,0.428,0.332,0.724,0.426,0.416,0.409,0.704,0.442,1.0,0.425,0.699,0.44,0.721,0.697,0.41,0.432,0.411,0.425,0.402,0.402,0.428,0.427,0.435,0.422,0.431,0.431,0.716,0.472,0.454,0.73,0.404,0.0,0.418,0.407,0.633,0.404,0.43,0.668,0.41,0.739,0.408,0.412,0.703,0.708,0.44,0.41,0.412,0.665,0.463
0.462,0.607,0.351,0.425,0.759,0.601,0.511,0.42,0.464,0.425,1.0,0.425,0.736,0.435,0.413,0.513,0.591,0.68,0.672,0.505,0.673,0.707,0.7,0.65,0.603,0.631,0.69,0.425,0.458,0.48,0.414,0.662,0.0,0.683,0.626,0.427,0.507,0.687,0.413,0.706,0.423,0.603,0.682,0.414,0.413,0.397,0.604,0.604,0.412,0.458
0.458,0.444,0.339,0.739,0.444,0.423,0.418,0.707,0.439,0.699,0.425,1.0,0.432,0.74,0.852,0.417,0.441,0.42,0.42,0.407,0.418,0.43,0.439,0.43,0.431,0.424,0.427,0.73,0.501,0.439,0.702,0.409,0.0,0.436,0.401,0.641,0.411,0.438,0.665,0.413,0.727,0.411,0.426,0.714,0.715,0.436,0.427,0.429,0.654,0.483
0.474,0.626,0.343,0.428,0.691,0.622,0.522,0.445,0.464,0.44,0.736,0.432,1.0,0.431,0.427,0.521,0.62,0.712,0.718,0.512,0.72,0.794,0.785,0.654,0.614,0.631,0.752,0.435,0.48,0.494,0.428,0.697,0.0,0.764,0.612,0.432,0.518,0.732,0.418,0.753,0.436,0.593,0.724,0.424,0.422,0.41,0.61,0.609,0.418,0.474
0.439,0.425,0.33,0.784,0.441,0.425,0.414,0.706,0.44,0.721,0.435,0.74,0.431,1.0,0.761,0.412,0.438,0.426,0.432,0.405,0.416,0.434,0.445,0.422,0.425,0.425,0.439,0.748,0.482,0.435,0.726,0.412,0.0,0.432,0.399,0.646,0.408,0.443,0.673,0.422,0.748,0.41,0.431,0.727,0.725,0.437,0.42,0.421,0.67,0.472
0.434,0.416,0.328,0.766,0.433,0.411,0.409,0.688,0.426,0.697,0.413,0.852,0.427,0.761,1.0,0.407,0.431,0.411,0.414,0.4,0.405,0.416,0.426,0.414,0.414,0.412,0.421,0.718,0.486,0.426,0.723,0.403,0.0,0.414,0.389,0.646,0.404,0.423,0.671,0.405,0.735,0.394,0.411,0.701,0.698,0.437,0.417,0.418,0.669,0.492
0.476,0.525,0.35,0.413,0.526,0.541,0.967,0.419,0.464,0.41,0.513,0.417,0.521,0.412,0.407,1.0,0.528,0.559,0.552,0.962,0.539,0.555,0.567,0.529,0.532,0.517,0.52,0.413,0.454,0.457,0.403,0.525,0.0,0.542,0.502,0.427,0.967,0.515,0.426,0.521,0.407,0.529,0.521,0.421,0.427,0.414,0.517,0.519,0.409,0.454
0.48,0.723,0.362,0.44,0.617,0.71,0.527,0.436,0.469,0.432,0.591,0.441,0.62,0.438,0.431,0.528,1.0,0.614,0.605,0.517,0.601,0.626,0.63,0.737,0.738,0.742,0.61,0.436,0.483,0.469,0.424,0.631,0.0,0.63,0.68,0.448,0.521,0.614,0.43,0.611,0.434,0.663,0.623,0.43,0.433,0.402,0.692,0.694,0.415,0.469
0.474,0.632,0.348,0.424,0.668,0.629,0.565,0.424,0.458,0.411,0.68,0.42,0.712,0.426,0.411,0.559,0.614,1.0,0.757,0.556,0.736,0.736,0.743,0.629,0.625,0.612,0.718,0.421,0.478,0.46,0.419,0.667,0.0,0.705,0.594,0.447,0.559,0.686,0.422,0.709,0.421,0.616,0.695,0.417,0.416,0.409,0.626,0.626,0.398,0.475
0.465,0.605,0.342,0.433,0.656,0.609,0.553,0.433,0.442,0.425,0.672,0.42,0.718,0.432,0.414,0.552,0.605,0.757,1.0,0.547,0.724,0.739,0.741,0.621,0.609,0.603,0.723,0.431,0.464,0.472,0.421,0.677,0.0,0.701,0.594,0.442,0.546,0.695,0.414,0.709,0.426,0.594,0.697,0.426,0.422,0.392,0.605,0.605,0.403,0.464
0.469,0.512,0.342,0.405,0.515,0.528,0.978,0.408,0.461,0.402,0.505,0.407,0.512,0.405,0.4,0.962,0.517,0.556,0.547,1.0,0.542,0.551,0.568,0.52,0.525,0.51,0.515,0.405,0.449,0.449,0.398,0.525,0.0,0.535,0.493,0.422,0.987,0.506,0.416,0.513,0.399,0.52,0.515,0.413,0.418,0.411,0.507,0.509,0.402,0.449
0.458,0.604,0.345,0.412,0.678,0.605,0.55,0.408,0.455,0.402,0.673,0.418,0.72,0.416,0.405,0.539,0.601,0.736,0.724,0.542,1.0,0.742,0.762,0.601,0.599,0.608,0.724,0.412,0.453,0.461,0.407,0.705,0.0,0.736,0.575,0.438,0.546,0.697,0.401,0.725,0.414,0.587,0.704,0.41,0.409,0.401,0.618,0.617,0.399,0.457
0.468,0.617,0.343,0.431,0.67,0.608,0.559,0.429,0.465,0.428,0.707,0.43,0.794,0.434,0.416,0.555,0.626,0.736,0.739,0.551,0.742,1.0,0.938,0.636,0.619,0.621,0.747,0.43,0.469,0.476,0.423,0.701,0.0,0.869,0.601,0.439,0.552,0.733,0.422,0.742,0.427,0.599,0.734,0.424,0.421,0.404,0.615,0.615,0.407,0.473
0.478,0.627,0.35,0.442,0.681,0.619,0.574,0.438,0.475,0.427,0.7,0.439,0.785,0.445,0.426,0.567,0.63,0.743,0.741,0.568,0.762,0.938,1.0,0.636,0.628,0.624,0.764,0.438,0.478,0.473,0.43,0.712,0.0,0.876,0.597,0.451,0.568,0.743,0.436,0.754,0.435,0.607,0.74,0.433,0.43,0.411,0.623,0.624,0.414,0.478
0.477,0.81,0.354,0.425,0.622,0.787,0.529,0.444,0.457,0.435,0.65,0.43,0.654,0.422,0.414,0.529,0.737,0.629,0.621,0.52,0.601,0.636,0.636,1.0,0.816,0.756,0.633,0.435,0.475,0.48,0.415,0.599,0.0,0.624,0.808,0.432,0.523,0.621,0.407,0.616,0.423,0.678,0.617,0.427,0.429,0.402,0.688,0.69,0.406,0.466
0.474,0.824,0.357,0.434,0.625,0.804,0.533,0.435,0.458,0.422,0.603,0.431,0.614,0.425,0.414,0.532,0.738,0.625,0.609,0.525,0.599,0.619,0.628,0.816,1.0,0.746,0.616,0.435,0.477,0.46,0.417,0.629,0.0,0.621,0.778,0.431,0.528,0.625,0.412,0.608,0.423,0.673,0.623,0.438,0.433,0.407,0.696,0.698,0.42,0.473
0.47,0.726,0.351,0.424,0.618,0.699,0.52,0.409,0.449,0.431,0.631,0.424,0.631,0.425,0.412,0.517,0.742,0.612,0.603,0.51,0.608,0.621,0.624,0.756,0.746,1.0,0.609,0.417,0.465,0.466,0.412,0.595,0.0,0.614,0.712,0.434,0.514,0.611,0.406,0.617,0.42,0.67,0.593,0.421,0.416,0.394,0.69,0.692,0.413,0.459
0.465,0.624,0.344,0.432,0.679,0.606,0.523,0.437,0.462,0.431,0.69,0.427,0.752,0.439,0.421,0.52,0.61,0.718,0.723,0.515,0.724,0.747,0.764,0.633,0.616,0.609,1.0,0.429,0.474,0.47,0.426,0.71,0.0,0.735,0.586,0.436,0.519,0.814,0.406,0.75,0.432,0.599,0.814,0.427,0.421,0.419,0.611,0.611,0.418,0.47
0.45,0.442,0.335,0.74,0.442,0.434,0.414,0.894,0.447,0.716,0.425,0.73,0.435,0.748,0.718,0.413,0.436,0.421,0.431,0.405,0.412,0.43,0.438,0.435,0.435,0.417,0.429,1.0,0.491,0.445,0.718,0.423,0.0,0.43,0.404,0.636,0.409,0.449,0.666,0.412,0.744,0.416,0.426,0.953,0.931,0.451,0.424,0.423,0.674,0.482
0.54,0.478,0.396,0.477,0.484,0.495,0.456,0.499,0.52,0.472,0.458,0.501,0.48,0.482,0.486,0.454,0.483,0.478,0.464,0.449,0.453,0.469,0.478,0.475,0.477,0.465,0.474,0.491,1.0,0.499,0.472,0.464,0.0,0.474,0.444,0.479,0.45,0.471,0.464,0.465,0.473,0.475,0.47,0.482,0.478,0.57,0.482,0.483,0.476,0.86
0.559,0.457,0.375,0.437,0.465,0.458,0.454,0.444,0.602,0.454,0.48,0.439,0.494,0.435,0.426,0.457,0.469,0.46,0.472,0.449,0.461,0.476,0.473,0.48,0.46,0.466,0.47,0.445,0.499,1.0,0.429,0.443,0.0,0.466,0.448,0.447,0.452,0.46,0.427,0.475,0.436,0.454,0.464,0.436,0.431,0.459,0.466,0.466,0.418,0.508
0.435,0.425,0.325,0.73,0.428,0.413,0.406,0.697,0.431,0.73,0.414,0.702,0.428,0.726,0.723,0.403,0.424,0.419,0.421,0.398,0.407,0.423,0.43,0.415,0.417,0.412,0.426,0.718,0.472,0.429,1.0,0.408,0.0,0.427,0.389,0.651,0.4,0.422,0.652,0.41,0.896,0.407,0.417,0.704,0.701,0.435,0.412,0.413,0.661,0.468
0.469,0.608,0.356,0.413,0.675,0.606,0.526,0.423,0.451,0.404,0.662,0.409,0.697,0.412,0.403,0.525,0.631,0.667,0.677,0.525,0.705,0.701,0.712,0.599,0.629,0.595,0.71,0.423,0.464,0.443,0.408,1.0,0.0,0.7,0.556,0.419,0.526,0.723,0.418,0.723,0.407,0.624,0.719,0.428,0.432,0.413,0.616,0.618,0.406,0.455
0.0,0.0,0.0,0.0,0.0,0.0,0.0,0.0,0.0,0.0,0.0,0.0,0.0,0.0,0.0,0.0,0.0,0.0,0.0,0.0,0.0,0.0,0.0,0.0,0.0,0.0,0.0,0.0,0.0,0.0,0.0,0.0,1.0,0.0,0.0,0.0,0.0,0.0,0.0,0.0,0.0,0.0,0.0,0.0,0.0,0.0,0.0,0.0,0.0,0.0
0.473,0.628,0.35,0.427,0.673,0.618,0.544,0.431,0.466,0.418,0.683,0.436,0.764,0.432,0.414,0.542,0.63,0.705,0.701,0.535,0.736,0.869,0.876,0.624,0.621,0.614,0.735,0.43,0.474,0.466,0.427,0.7,0.0,1.0,0.584,0.453,0.539,0.728,0.434,0.735,0.427,0.599,0.736,0.425,0.426,0.405,0.622,0.622,0.41,0.467
0.439,0.757,0.328,0.398,0.589,0.755,0.503,0.407,0.424,0.407,0.626,0.401,0.612,0.399,0.389,0.502,0.68,0.594,0.594,0.493,0.575,0.601,0.597,0.808,0.778,0.712,0.586,0.404,0.444,0.448,0.389,0.556,0.0,0.584,1.0,0.41,0.496,0.58,0.386,0.577,0.397,0.636,0.578,0.399,0.4,0.374,0.643,0.646,0.383,0.438
0.458,0.431,0.35,0.646,0.439,0.441,0.43,0.626,0.443,0.633,0.427,0.641,0.432,0.646,0.646,0.427,0.448,0.447,0.442,0.422,0.438,0.439,0.451,0.432,0.431,0.434,0.436,0.636,0.479,0.447,0.651,0.419,0.0,0.453,0.41,1.0,0.424,0.426,0.645,0.428,0.657,0.418,0.43,0.628,0.629,0.451,0.422,0.422,0.613,0.484
0.469,0.516,0.344,0.408,0.516,0.532,0.986,0.412,0.462,0.404,0.507,0.411,0.518,0.408,0.404,0.967,0.521,0.559,0.546,0.987,0.546,0.552,0.568,0.523,0.528,0.514,0.519,0.409,0.45,0.452,0.4,0.526,0.0,0.539,0.496,0.424,1.0,0.51,0.416,0.517,0.401,0.524,0.518,0.416,0.422,0.408,0.511,0.512,0.403,0.45
0.486,0.647,0.347,0.434,0.69,0.63,0.513,0.45,0.455,0.43,0.687,0.438,0.732,0.443,0.423,0.515,0.614,0.686,0.695,0.506,0.697,0.733,0.743,0.621,0.625,0.611,0.814,0.449,0.471,0.46,0.422,0.723,0.0,0.728,0.58,0.426,0.51,1.0,0.422,0.738,0.434,0.612,0.841,0.443,0.433,0.416,0.636,0.637,0.416,0.459
0.445,0.407,0.334,0.663,0.435,0.428,0.42,0.667,0.428,0.668,0.413,0.665,0.418,0.673,0.671,0.426,0.43,0.422,0.414,0.416,0.401,0.422,0.436,0.407,0.412,0.406,0.406,0.666,0.464,0.427,0.652,0.418,0.0,0.434,0.386,0.645,0.416,0.422,1.0,0.407,0.653,0.425,0.418,0.673,0.685,0.448,0.419,0.422,0.643,0.465
0.464,0.612,0.346,0.409,0.691,0.603,0.521,0.423,0.452,0.41,0.706,0.413,0.753,0.422,0.405,0.521,0.611,0.709,0.709,0.513,0.725,0.742,0.754,0.616,0.608,0.617,0.75,0.412,0.465,0.475,0.41,0.723,0.0,0.735,0.577,0.428,0.517,0.738,0.407,1.0,0.411,0.613,0.736,0.407,0.412,0.405,0.631,0.631,0.396,0.468
0.441,0.43,0.331,0.752,0.44,0.418,0.407,0.706,0.431,0.739,0.423,0.727,0.436,0.748,0.735,0.407,0.434,0.421,0.426,0.399,0.414,0.427,0.435,0.423,0.423,0.42,0.432,0.744,0.473,0.436,0.896,0.407,0.0,0.427,0.397,0.657,0.401,0.434,0.653,0.411,1.0,0.409,0.417,0.724,0.72,0.434,0.416,0.417,0.67,0.466
0.478,0.679,0.354,0.404,0.625,0.673,0.525,0.427,0.469,0.408,0.603,0.411,0.593,0.41,0.394,0.529,0.663,0.616,0.594,0.52,0.587,0.599,0.607,0.678,0.673,0.67,0.599,0.416,0.475,0.454,0.407,0.624,0.0,0.599,0.636,0.418,0.524,0.612,0.425,0.613,0.409,1.0,0.63,0.423,0.421,0.408,0.718,0.72,0.405,0.462
0.473,0.628,0.362,0.423,0.688,0.618,0.521,0.436,0.47,0.412,0.682,0.426,0.724,0.431,0.411,0.521,0.623,0.695,0.697,0.515,0.704,0.734,0.74,0.617,0.623,0.593,0.814,0.426,0.47,0.464,0.417,0.719,0.0,0.736,0.578,0.43,0.518,0.841,0.418,0.736,0.417,0.63,1.0,0.421,0.422,0.415,0.623,0.625,0.411,0.466
0.457,0.447,0.345,0.723,0.441,0.429,0.423,0.89,0.443,0.703,0.414,0.714,0.424,0.727,0.701,0.421,0.43,0.417,0.426,0.413,0.41,0.424,0.433,0.427,0.438,0.421,0.427,0.953,0.482,0.436,0.704,0.428,0.0,0.425,0.399,0.628,0.416,0.443,0.673,0.407,0.724,0.423,0.421,1.0,0.952,0.46,0.423,0.425,0.683,0.477
0.464,0.449,0.335,0.721,0.444,0.429,0.426,0.875,0.439,0.708,0.413,0.715,0.422,0.725,0.698,0.427,0.433,0.416,0.422,0.418,0.409,0.421,0.43,0.429,0.433,0.416,0.421,0.931,0.478,0.431,0.701,0.432,0.0,0.426,0.4,0.629,0.422,0.433,0.685,0.412,0.72,0.421,0.422,0.952,1.0,0.463,0.424,0.427,0.672,0.473
0.464,0.41,0.344,0.437,0.424,0.4,0.409,0.451,0.46,0.44,0.397,0.436,0.41,0.437,0.437,0.414,0.402,0.409,0.392,0.411,0.401,0.404,0.411,0.402,0.407,0.394,0.419,0.451,0.57,0.459,0.435,0.413,0.0,0.405,0.374,0.451,0.408,0.416,0.448,0.405,0.434,0.408,0.415,0.46,0.463,1.0,0.424,0.426,0.438,0.612
0.464,0.7,0.377,0.419,0.644,0.695,0.516,0.424,0.462,0.41,0.604,0.427,0.61,0.42,0.417,0.517,0.692,0.626,0.605,0.507,0.618,0.615,0.623,0.688,0.696,0.69,0.611,0.424,0.482,0.466,0.412,0.616,0.0,0.622,0.643,0.422,0.511,0.636,0.419,0.631,0.416,0.718,0.623,0.423,0.424,0.424,1.0,0.996,0.401,0.489
0.467,0.702,0.378,0.42,0.644,0.695,0.518,0.426,0.463,0.412,0.604,0.429,0.609,0.421,0.418,0.519,0.694,0.626,0.605,0.509,0.617,0.615,0.624,0.69,0.698,0.692,0.611,0.423,0.483,0.466,0.413,0.618,0.0,0.622,0.646,0.422,0.512,0.637,0.422,0.631,0.417,0.72,0.625,0.425,0.427,0.426,0.996,1.0,0.403,0.489
0.436,0.422,0.331,0.673,0.433,0.417,0.406,0.664,0.429,0.665,0.412,0.654,0.418,0.67,0.669,0.409,0.415,0.398,0.403,0.402,0.399,0.407,0.414,0.406,0.42,0.413,0.418,0.674,0.476,0.418,0.661,0.406,0.0,0.41,0.383,0.613,0.403,0.416,0.643,0.396,0.67,0.405,0.411,0.683,0.672,0.438,0.401,0.403,1.0,0.48
0.534,0.473,0.393,0.48,0.474,0.482,0.456,0.484,0.528,0.463,0.458,0.483,0.474,0.472,0.492,0.454,0.469,0.475,0.464,0.449,0.457,0.473,0.478,0.466,0.473,0.459,0.47,0.482,0.86,0.508,0.468,0.455,0.0,0.467,0.438,0.484,0.45,0.459,0.465,0.468,0.466,0.462,0.466,0.477,0.473,0.612,0.489,0.489,0.48,1.0
