GCF_000163235.1_ASM16323v1_genomic.fna,GCF_000164555.1_ASM16455v1_genomic.fna,GCF_000208545.1_ASM20854v2_genomic.fna,GCF_000233875.1_ASM23387v1_genomic.fna,GCF_000249735.1_ASM24973v2_genomic.fna,GCF_000261145.1_Esch_coli_M919_V2_genomic.fna,GCF_000267705.2_ASM26770v2_genomic.fna,GCF_000350665.1_Esch_coli_KTE5_V1_genomic.fna,GCF_000351625.1_Esch_coli_KTE66_V1_genomic.fna,GCF_000352285.1_Esch_coli_KTE46_V1_genomic.fna,GCF_000358895.1_ASM35889v1_genomic.fna,GCF_000456385.1_Esch_coli_HVH_26_4-5703913_V1_genomic.fna,GCF_000458195.1_Esch_coli_HVH_147_4-5893887_V1_genomic.fna,GCF_000459755.1_Esch_coli_KOEGE_58_171a_V1_genomic.fna,GCF_000460055.1_Esch_coli_UMEA_3053-1_V1_genomic.fna,GCF_000462165.2_ASM46216v2_genomic.fna,GCF_000601135.1_ASM60113v1_genomic.fna,GCF_000614595.1_Ec2010EL1058_genomic.fna,GCF_000617745.1_Ec2010C-4529_genomic.fna,GCF_000618265.2_EcF6751_genomic.fna,GCF_000619005.2_Ec2009C-4052_genomic.fna,GCF_000619105.1_Ec2009C-4780_genomic.fna,GCF_000619765.2_Ec2009C-3279_genomic.fna,GCF_000687005.1_ASM68700v1_genomic.fna,GCF_000687025.1_ASM68702v1_genomic.fna,GCF_000700125.1_ASM70012v1_genomic.fna,GCF_000753315.1_FHI35_genomic.fna,GCF_000776375.1_ASM77637v1_genomic.fna,GCF_000779395.1_ASM77939v1_genomic.fna,GCF_000780315.1_ASM78031v1_genomic.fna,GCF_000781995.1_ASM78199v1_genomic.fna,GCF_000986765.1_ASM98676v1_genomic.fna,GCF_001041375.1_ViralProj287958_genomic.fna,GCF_001265335.1_302014_genomic.fna,GCF_001265625.1_100854_genomic.fna,GCF_001267345.1_303289_genomic.fna,GCF_001309985.1_ASM130998v1_genomic.fna,GCF_001521695.1_ASM152169v1_genomic.fna,GCF_001592595.1_ASM159259v1_genomic.fna,GCF_001614975.1_ASM161497v1_genomic.fna,GCF_001692775.1_ASM169277v1_genomic.fna,GCF_001748915.1_ASM174891v1_genomic.fna,GCF_001749235.1_ASM174923v1_genomic.fna,GCF_001881155.1_ASM188115v1_genomic.fna,GCF_001881345.1_ASM188134v1_genomic.fna,GCF_001892405.1_ASM189240v1_genomic.fna,GCF_001892585.1_ASM189258v1_genomic.fna,GCF_001893985.1_ASM189398v1_genomic.fna,GCF_002001595.1_ASM200159v1_genomic.fna,GCF_002002145.1_ASM200214v1_genomic.fna
1.0,0.568,0.498,0.517,0.57,0.565,0.529,0.512,0.666,0.529,0.541,0.524,0.552,0.511,0.502,0.531,0.549,0.549,0.552,0.526,0.523,0.543,0.546,0.565,0.558,0.541,0.555,0.517,0.592,0.648,0.483,0.533,0.0,0.534,0.524,0.521,0.529,0.566,0.503,0.553,0.493,0.528,0.561,0.502,0.517,0.536,0.533,0.532,0.516,0.594
0.568,1.0,0.44,0.499,0.693,0.803,0.583,0.499,0.517,0.495,0.654,0.516,0.663,0.49,0.483,0.585,0.75,0.653,0.666,0.584,0.638,0.661,0.665,0.804,0.809,0.732,0.662,0.505,0.539,0.521,0.475,0.678,0.0,0.661,0.743,0.484,0.583,0.691,0.475,0.678,0.487,0.698,0.668,0.503,0.509,0.498,0.708,0.708,0.503,0.54
0.498,0.44,1.0,0.424,0.456,0.452,0.438,0.406,0.475,0.416,0.437,0.409,0.449,0.412,0.405,0.439,0.441,0.433,0.435,0.436,0.413,0.439,0.441,0.445,0.443,0.433,0.452,0.418,0.472,0.471,0.395,0.431,0.0,0.435,0.414,0.426,0.438,0.448,0.404,0.434,0.411,0.431,0.458,0.409,0.401,0.42,0.441,0.44,0.428,0.478
0.517,0.499,0.424,1.0,0.506,0.5,0.485,0.724,0.515,0.768,0.495,0.746,0.498,0.796,0.795,0.49,0.484,0.497,0.487,0.478,0.459,0.487,0.484,0.505,0.502,0.483,0.513,0.774,0.532,0.49,0.766,0.487,0.0,0.469,0.469,0.687,0.483,0.5,0.687,0.498,0.79,0.479,0.501,0.746,0.746,0.517,0.471,0.471,0.705,0.545
0.57,0.693,0.456,0.506,1.0,0.715,0.609,0.507,0.539,0.506,0.794,0.5,0.753,0.494,0.503,0.609,0.693,0.719,0.733,0.602,0.711,0.731,0.723,0.702,0.703,0.68,0.761,0.512,0.551,0.534,0.482,0.721,0.0,0.716,0.668,0.502,0.606,0.765,0.491,0.761,0.496,0.687,0.772,0.493,0.496,0.502,0.697,0.697,0.511,0.542
0.565,0.803,0.452,0.5,0.715,1.0,0.618,0.513,0.533,0.497,0.674,0.489,0.69,0.493,0.485,0.615,0.757,0.687,0.688,0.61,0.651,0.677,0.683,0.818,0.822,0.733,0.682,0.512,0.556,0.525,0.474,0.681,0.0,0.678,0.781,0.511,0.614,0.7,0.508,0.701,0.482,0.708,0.693,0.495,0.496,0.494,0.724,0.723,0.504,0.55
0.529,0.583,0.438,0.485,0.609,0.618,1.0,0.477,0.532,0.473,0.587,0.463,0.601,0.473,0.458,0.954,0.584,0.639,0.628,0.98,0.626,0.622,0.628,0.604,0.586,0.584,0.619,0.484,0.517,0.51,0.458,0.597,0.0,0.586,0.579,0.487,0.986,0.598,0.465,0.606,0.463,0.577,0.613,0.469,0.468,0.469,0.563,0.562,0.474,0.518
0.512,0.499,0.406,0.724,0.507,0.513,0.477,1.0,0.497,0.716,0.475,0.722,0.49,0.734,0.72,0.473,0.493,0.494,0.489,0.476,0.477,0.487,0.503,0.508,0.492,0.476,0.509,0.894,0.556,0.482,0.735,0.499,0.0,0.501,0.461,0.655,0.477,0.527,0.703,0.492,0.744,0.502,0.507,0.901,0.89,0.521,0.489,0.492,0.677,0.536
0.666,0.517,0.475,0.515,0.539,0.533,0.532,0.497,1.0,0.522,0.539,0.497,0.549,0.496,0.497,0.537,0.522,0.532,0.527,0.525,0.508,0.522,0.526,0.542,0.534,0.514,0.551,0.51,0.589,0.652,0.48,0.516,0.0,0.516,0.503,0.516,0.529,0.532,0.494,0.545,0.485,0.51,0.542,0.493,0.494,0.535,0.519,0.519,0.509,0.595
0.529,0.495,0.416,0.768,0.506,0.497,0.473,0.716,0.522,1.0,0.499,0.721,0.511,0.751,0.728,0.483,0.475,0.479,0.481,0.466,0.454,0.477,0.473,0.512,0.509,0.482,0.509,0.752,0.528,0.479,0.743,0.473,0.0,0.465,0.472,0.691,0.47,0.498,0.696,0.493,0.752,0.459,0.493,0.721,0.733,0.497,0.471,0.47,0.712,0.522
0.541,0.654,0.437,0.495,0.794,0.674,0.587,0.475,0.539,0.499,1.0,0.475,0.793,0.477,0.472,0.596,0.656,0.712,0.724,0.581,0.69,0.727,0.709,0.699,0.693,0.679,0.736,0.486,0.512,0.512,0.456,0.696,0.0,0.693,0.696,0.493,0.585,0.728,0.473,0.76,0.461,0.657,0.74,0.468,0.474,0.479,0.66,0.658,0.488,0.515
0.524,0.516,0.409,0.746,0.5,0.489,0.463,0.722,0.497,0.721,0.475,1.0,0.477,0.745,0.853,0.462,0.484,0.479,0.473,0.463,0.479,0.475,0.486,0.498,0.481,0.474,0.496,0.736,0.559,0.495,0.71,0.486,0.0,0.481,0.452,0.657,0.462,0.514,0.694,0.478,0.737,0.487,0.498,0.735,0.741,0.531,0.491,0.492,0.674,0.539
0.552,0.663,0.449,0.498,0.753,0.69,0.601,0.49,0.549,0.511,0.793,0.477,1.0,0.481,0.483,0.61,0.668,0.737,0.755,0.595,0.725,0.788,0.78,0.707,0.699,0.673,0.792,0.498,0.532,0.525,0.466,0.737,0.0,0.759,0.684,0.484,0.598,0.762,0.469,0.789,0.47,0.665,0.772,0.478,0.477,0.487,0.673,0.672,0.493,0.532
0.511,0.49,0.412,0.796,0.494,0.493,0.473,0.734,0.496,0.751,0.477,0.745,0.481,1.0,0.792,0.472,0.473,0.489,0.482,0.473,0.453,0.477,0.474,0.483,0.478,0.46,0.499,0.779,0.538,0.484,0.758,0.482,0.0,0.463,0.448,0.67,0.473,0.507,0.708,0.479,0.785,0.471,0.492,0.751,0.749,0.501,0.47,0.47,0.697,0.534
0.502,0.483,0.405,0.795,0.503,0.485,0.458,0.72,0.497,0.728,0.472,0.853,0.483,0.792,1.0,0.457,0.475,0.482,0.474,0.458,0.461,0.474,0.483,0.48,0.475,0.457,0.499,0.744,0.546,0.487,0.744,0.482,0.0,0.471,0.45,0.667,0.458,0.504,0.707,0.479,0.771,0.48,0.501,0.731,0.731,0.522,0.488,0.488,0.688,0.55
0.531,0.585,0.439,0.49,0.609,0.615,0.954,0.473,0.537,0.483,0.596,0.462,0.61,0.472,0.457,1.0,0.586,0.625,0.631,0.945,0.607,0.628,0.621,0.608,0.593,0.591,0.618,0.484,0.513,0.513,0.458,0.589,0.0,0.583,0.581,0.486,0.951,0.599,0.463,0.612,0.464,0.575,0.612,0.465,0.467,0.47,0.562,0.561,0.477,0.517
0.549,0.75,0.441,0.484,0.693,0.757,0.584,0.493,0.522,0.475,0.656,0.484,0.668,0.473,0.475,0.586,1.0,0.662,0.661,0.584,0.652,0.668,0.673,0.777,0.75,0.766,0.674,0.494,0.538,0.52,0.459,0.708,0.0,0.665,0.7,0.507,0.583,0.677,0.475,0.67,0.464,0.707,0.681,0.49,0.496,0.487,0.721,0.72,0.479,0.527
0.549,0.653,0.433,0.497,0.719,0.687,0.639,0.494,0.532,0.479,0.712,0.479,0.737,0.489,0.482,0.625,0.662,1.0,0.788,0.636,0.745,0.771,0.767,0.68,0.662,0.652,0.755,0.5,0.523,0.53,0.464,0.723,0.0,0.713,0.645,0.504,0.636,0.718,0.481,0.739,0.468,0.675,0.743,0.483,0.483,0.484,0.669,0.668,0.488,0.525
0.552,0.666,0.435,0.487,0.733,0.688,0.628,0.489,0.527,0.481,0.724,0.473,0.755,0.482,0.474,0.631,0.661,0.788,1.0,0.627,0.76,0.792,0.772,0.676,0.662,0.649,0.766,0.491,0.527,0.529,0.465,0.732,0.0,0.726,0.641,0.5,0.628,0.745,0.482,0.761,0.47,0.666,0.761,0.473,0.472,0.483,0.659,0.659,0.489,0.528
0.526,0.584,0.436,0.478,0.602,0.61,0.98,0.476,0.525,0.466,0.581,0.463,0.595,0.473,0.458,0.945,0.584,0.636,0.627,1.0,0.627,0.621,0.629,0.596,0.579,0.577,0.612,0.484,0.517,0.51,0.458,0.598,0.0,0.586,0.57,0.485,0.988,0.598,0.465,0.599,0.463,0.576,0.609,0.469,0.468,0.469,0.563,0.562,0.471,0.518
0.523,0.638,0.413,0.459,0.711,0.651,0.626,0.477,0.508,0.454,0.69,0.479,0.725,0.453,0.461,0.607,0.652,0.745,0.76,0.627,1.0,0.759,0.782,0.663,0.638,0.635,0.737,0.467,0.51,0.513,0.446,0.729,0.0,0.745,0.616,0.486,0.624,0.718,0.482,0.731,0.455,0.649,0.724,0.468,0.47,0.485,0.656,0.656,0.463,0.516
0.543,0.661,0.439,0.487,0.731,0.677,0.622,0.487,0.522,0.477,0.727,0.475,0.788,0.477,0.474,0.628,0.668,0.771,0.792,0.621,0.759,1.0,0.917,0.679,0.666,0.647,0.774,0.492,0.524,0.521,0.457,0.75,0.0,0.855,0.64,0.489,0.623,0.752,0.474,0.764,0.462,0.655,0.772,0.474,0.473,0.488,0.665,0.664,0.482,0.528
0.546,0.665,0.441,0.484,0.723,0.683,0.628,0.503,0.526,0.473,0.709,0.486,0.78,0.474,0.483,0.621,0.673,0.767,0.772,0.629,0.782,0.917,1.0,0.672,0.66,0.637,0.771,0.497,0.54,0.515,0.464,0.761,0.0,0.864,0.631,0.491,0.625,0.742,0.494,0.751,0.469,0.668,0.755,0.495,0.494,0.493,0.671,0.671,0.482,0.535
0.565,0.804,0.445,0.505,0.702,0.818,0.604,0.508,0.542,0.512,0.699,0.498,0.707,0.483,0.48,0.608,0.777,0.68,0.676,0.596,0.663,0.679,0.672,1.0,0.846,0.769,0.69,0.5,0.536,0.531,0.47,0.685,0.0,0.657,0.794,0.507,0.6,0.672,0.479,0.695,0.475,0.709,0.685,0.49,0.496,0.495,0.711,0.71,0.491,0.536
0.558,0.809,0.443,0.502,0.703,0.822,0.586,0.492,0.534,0.509,0.693,0.481,0.699,0.478,0.475,0.593,0.75,0.662,0.662,0.579,0.638,0.666,0.66,0.846,1.0,0.783,0.674,0.497,0.527,0.512,0.465,0.679,0.0,0.644,0.801,0.495,0.584,0.671,0.479,0.682,0.471,0.687,0.68,0.493,0.489,0.493,0.701,0.7,0.499,0.526
0.541,0.732,0.433,0.483,0.68,0.733,0.584,0.476,0.514,0.482,0.679,0.474,0.673,0.46,0.457,0.591,0.766,0.652,0.649,0.577,0.635,0.647,0.637,0.769,0.783,1.0,0.67,0.478,0.516,0.512,0.449,0.654,0.0,0.627,0.724,0.49,0.581,0.66,0.462,0.68,0.454,0.689,0.666,0.482,0.475,0.481,0.705,0.703,0.485,0.511
0.555,0.662,0.452,0.513,0.761,0.682,0.619,0.509,0.551,0.509,0.736,0.496,0.792,0.499,0.499,0.618,0.674,0.755,0.766,0.612,0.737,0.774,0.771,0.69,0.674,0.67,1.0,0.513,0.545,0.528,0.482,0.742,0.0,0.733,0.645,0.5,0.616,0.84,0.484,0.79,0.49,0.668,0.854,0.503,0.498,0.505,0.666,0.665,0.514,0.541
0.517,0.505,0.418,0.774,0.512,0.512,0.484,0.894,0.51,0.752,0.486,0.736,0.498,0.779,0.744,0.484,0.494,0.5,0.491,0.484,0.467,0.492,0.497,0.5,0.497,0.478,0.513,1.0,0.552,0.491,0.752,0.501,0.0,0.485,0.464,0.675,0.484,0.523,0.693,0.495,0.78,0.486,0.504,0.95,0.929,0.508,0.486,0.485,0.711,0.536
0.592,0.539,0.472,0.532,0.551,0.556,0.517,0.556,0.589,0.528,0.512,0.559,0.532,0.538,0.546,0.513,0.538,0.523,0.527,0.517,0.51,0.524,0.54,0.536,0.527,0.516,0.545,0.552,1.0,0.563,0.512,0.534,0.0,0.534,0.498,0.548,0.516,0.543,0.534,0.529,0.519,0.523,0.539,0.545,0.548,0.627,0.525,0.525,0.532,0.846
0.648,0.521,0.471,0.49,0.534,0.525,0.51,0.482,0.652,0.479,0.512,0.495,0.525,0.484,0.487,0.513,0.52,0.53,0.529,0.51,0.513,0.521,0.515,0.531,0.512,0.512,0.528,0.491,0.563,1.0,0.469,0.515,0.0,0.504,0.49,0.503,0.51,0.527,0.471,0.534,0.485,0.517,0.529,0.475,0.475,0.548,0.526,0.526,0.483,0.586
0.483,0.475,0.395,0.766,0.482,0.474,0.458,0.735,0.48,0.743,0.456,0.71,0.466,0.758,0.744,0.458,0.459,0.464,0.465,0.458,0.446,0.457,0.464,0.47,0.465,0.449,0.482,0.752,0.512,0.469,1.0,0.469,0.0,0.454,0.435,0.664,0.458,0.488,0.686,0.466,0.9,0.469,0.48,0.738,0.738,0.491,0.468,0.468,0.675,0.507
0.533,0.678,0.431,0.487,0.721,0.681,0.597,0.499,0.516,0.473,0.696,0.486,0.737,0.482,0.482,0.589,0.708,0.723,0.732,0.598,0.729,0.75,0.761,0.685,0.679,0.654,0.742,0.501,0.534,0.515,0.469,1.0,0.0,0.737,0.619,0.485,0.597,0.755,0.48,0.754,0.47,0.674,0.758,0.492,0.496,0.482,0.687,0.687,0.486,0.522
0.0,0.0,0.0,0.0,0.0,0.0,0.0,0.0,0.0,0.0,0.0,0.0,0.0,0.0,0.0,0.0,0.0,0.0,0.0,0.0,0.0,0.0,0.0,0.0,0.0,0.0,0.0,0.0,0.0,0.0,0.0,0.0,1.0,0.0,0.0,0.0,0.0,0.0,0.0,0.0,0.0,0.0,0.0,0.0,0.0,0.0,0.0,0.0,0.0,0.0
0.534,0.661,0.435,0.469,0.716,0.678,0.586,0.501,0.516,0.465,0.693,0.481,0.759,0.463,0.471,0.583,0.665,0.713,0.726,0.586,0.745,0.855,0.864,0.657,0.644,0.627,0.733,0.485,0.534,0.504,0.454,0.737,0.0,1.0,0.619,0.492,0.587,0.729,0.493,0.735,0.457,0.655,0.742,0.484,0.491,0.491,0.669,0.669,0.471,0.531
0.524,0.743,0.414,0.469,0.668,0.781,0.579,0.461,0.503,0.472,0.696,0.452,0.684,0.448,0.45,0.581,0.7,0.645,0.641,0.57,0.616,0.64,0.631,0.794,0.801,0.724,0.645,0.464,0.498,0.49,0.435,0.619,0.0,0.619,1.0,0.472,0.575,0.628,0.449,0.655,0.439,0.669,0.65,0.448,0.451,0.446,0.666,0.664,0.458,0.492
0.521,0.484,0.426,0.687,0.502,0.511,0.487,0.655,0.516,0.691,0.493,0.657,0.484,0.67,0.667,0.486,0.507,0.504,0.5,0.485,0.486,0.489,0.491,0.507,0.495,0.49,0.5,0.675,0.548,0.503,0.664,0.485,0.0,0.492,0.472,1.0,0.486,0.491,0.678,0.497,0.676,0.475,0.496,0.66,0.663,0.516,0.488,0.487,0.667,0.543
0.529,0.583,0.438,0.483,0.606,0.614,0.986,0.477,0.529,0.47,0.585,0.462,0.598,0.473,0.458,0.951,0.583,0.636,0.628,0.988,0.624,0.623,0.625,0.6,0.584,0.581,0.616,0.484,0.516,0.51,0.458,0.597,0.0,0.587,0.575,0.486,1.0,0.598,0.464,0.603,0.463,0.577,0.613,0.467,0.466,0.469,0.563,0.562,0.474,0.518
0.566,0.691,0.448,0.5,0.765,0.7,0.598,0.527,0.532,0.498,0.728,0.514,0.762,0.507,0.504,0.599,0.677,0.718,0.745,0.598,0.718,0.752,0.742,0.672,0.671,0.66,0.84,0.523,0.543,0.527,0.488,0.755,0.0,0.729,0.628,0.491,0.598,1.0,0.494,0.775,0.498,0.669,0.868,0.512,0.503,0.508,0.682,0.683,0.513,0.537
0.503,0.475,0.404,0.687,0.491,0.508,0.465,0.703,0.494,0.696,0.473,0.694,0.469,0.708,0.707,0.463,0.475,0.481,0.482,0.465,0.482,0.474,0.494,0.479,0.479,0.462,0.484,0.693,0.534,0.471,0.686,0.48,0.0,0.493,0.449,0.678,0.464,0.494,1.0,0.48,0.69,0.485,0.491,0.706,0.712,0.513,0.482,0.482,0.657,0.527
0.553,0.678,0.434,0.498,0.761,0.701,0.606,0.492,0.545,0.493,0.76,0.478,0.789,0.479,0.479,0.612,0.67,0.739,0.761,0.599,0.731,0.764,0.751,0.695,0.682,0.68,0.79,0.495,0.529,0.534,0.466,0.754,0.0,0.735,0.655,0.497,0.603,0.775,0.48,1.0,0.472,0.665,0.788,0.478,0.486,0.506,0.688,0.687,0.485,0.534
0.493,0.487,0.411,0.79,0.496,0.482,0.463,0.744,0.485,0.752,0.461,0.737,0.47,0.785,0.771,0.464,0.464,0.468,0.47,0.463,0.455,0.462,0.469,0.475,0.471,0.454,0.49,0.78,0.519,0.485,0.9,0.47,0.0,0.457,0.439,0.676,0.463,0.498,0.69,0.472,1.0,0.47,0.484,0.765,0.76,0.502,0.471,0.471,0.686,0.516
0.528,0.698,0.431,0.479,0.687,0.708,0.577,0.502,0.51,0.459,0.657,0.487,0.665,0.471,0.48,0.575,0.707,0.675,0.666,0.576,0.649,0.655,0.668,0.709,0.687,0.689,0.668,0.486,0.523,0.517,0.469,0.674,0.0,0.655,0.669,0.475,0.577,0.669,0.485,0.665,0.47,1.0,0.696,0.49,0.491,0.488,0.74,0.74,0.475,0.515
0.561,0.668,0.458,0.501,0.772,0.693,0.613,0.507,0.542,0.493,0.74,0.498,0.772,0.492,0.501,0.612,0.681,0.743,0.761,0.609,0.724,0.772,0.755,0.685,0.68,0.666,0.854,0.504,0.539,0.529,0.48,0.758,0.0,0.742,0.65,0.496,0.613,0.868,0.491,0.788,0.484,0.696,1.0,0.492,0.49,0.512,0.681,0.681,0.503,0.533
0.502,0.503,0.409,0.746,0.493,0.495,0.469,0.901,0.493,0.721,0.468,0.735,0.478,0.751,0.731,0.465,0.49,0.483,0.473,0.469,0.468,0.474,0.495,0.49,0.493,0.482,0.503,0.95,0.545,0.475,0.738,0.492,0.0,0.484,0.448,0.66,0.467,0.512,0.706,0.478,0.765,0.49,0.492,1.0,0.954,0.517,0.482,0.482,0.696,0.526
0.517,0.509,0.401,0.746,0.496,0.496,0.468,0.89,0.494,0.733,0.474,0.741,0.477,0.749,0.731,0.467,0.496,0.483,0.472,0.468,0.47,0.473,0.494,0.496,0.489,0.475,0.498,0.929,0.548,0.475,0.738,0.496,0.0,0.491,0.451,0.663,0.466,0.503,0.712,0.486,0.76,0.491,0.49,0.954,1.0,0.517,0.488,0.488,0.678,0.53
0.536,0.498,0.42,0.517,0.502,0.494,0.469,0.521,0.535,0.497,0.479,0.531,0.487,0.501,0.522,0.47,0.487,0.484,0.483,0.469,0.485,0.488,0.493,0.495,0.493,0.481,0.505,0.508,0.627,0.548,0.491,0.482,0.0,0.491,0.446,0.516,0.469,0.508,0.513,0.506,0.502,0.488,0.512,0.517,0.517,1.0,0.506,0.508,0.503,0.68
0.533,0.708,0.441,0.471,0.697,0.724,0.563,0.489,0.519,0.471,0.66,0.491,0.673,0.47,0.488,0.562,0.721,0.669,0.659,0.563,0.656,0.665,0.671,0.711,0.701,0.705,0.666,0.486,0.525,0.526,0.468,0.687,0.0,0.669,0.666,0.488,0.563,0.682,0.482,0.688,0.471,0.74,0.681,0.482,0.488,0.506,1.0,0.997,0.48,0.533
0.532,0.708,0.44,0.471,0.697,0.723,0.562,0.492,0.519,0.47,0.658,0.492,0.672,0.47,0.488,0.561,0.72,0.668,0.659,0.562,0.656,0.664,0.671,0.71,0.7,0.703,0.665,0.485,0.525,0.526,0.468,0.687,0.0,0.669,0.664,0.487,0.562,0.683,0.482,0.687,0.471,0.74,0.681,0.482,0.488,0.508,0.997,1.0,0.479,0.533
0.516,0.503,0.428,0.705,0.511,0.504,0.474,0.677,0.509,0.712,0.488,0.674,0.493,0.697,0.688,0.477,0.479,0.488,0.489,0.471,0.463,0.482,0.482,0.491,0.499,0.485,0.514,0.711,0.532,0.483,0.675,0.486,0.0,0.471,0.458,0.667,0.474,0.513,0.657,0.485,0.686,0.475,0.503,0.696,0.678,0.503,0.48,0.479,1.0,0.525
0.594,0.54,0.478,0.545,0.542,0.55,0.518,0.536,0.595,0.522,0.515,0.539,0.532,0.534,0.55,0.517,0.527,0.525,0.528,0.518,0.516,0.528,0.535,0.536,0.526,0.511,0.541,0.536,0.846,0.586,0.507,0.522,0.0,0.531,0.492,0.543,0.518,0.537,0.527,0.534,0.516,0.515,0.533,0.526,0.53,0.68,0.533,0.533,0.525,1.0
