GCF_000163235.1_ASM16323v1_genomic.fna,GCF_000164555.1_ASM16455v1_genomic.fna,GCF_000208545.1_ASM20854v2_genomic.fna,GCF_000233875.1_ASM23387v1_genomic.fna,GCF_000249735.1_ASM24973v2_genomic.fna,GCF_000261145.1_Esch_coli_M919_V2_genomic.fna,GCF_000267705.2_ASM26770v2_genomic.fna,GCF_000350665.1_Esch_coli_KTE5_V1_genomic.fna,GCF_000351625.1_Esch_coli_KTE66_V1_genomic.fna,GCF_000352285.1_Esch_coli_KTE46_V1_genomic.fna,GCF_000358895.1_ASM35889v1_genomic.fna,GCF_000456385.1_Esch_coli_HVH_26_4-5703913_V1_genomic.fna,GCF_000458195.1_Esch_coli_HVH_147_4-5893887_V1_genomic.fna,GCF_000459755.1_Esch_coli_KOEGE_58_171a_V1_genomic.fna,GCF_000460055.1_Esch_coli_UMEA_3053-1_V1_genomic.fna,GCF_000462165.2_ASM46216v2_genomic.fna,GCF_000601135.1_ASM60113v1_genomic.fna,GCF_000614595.1_Ec2010EL1058_genomic.fna,GCF_000617745.1_Ec2010C-4529_genomic.fna,GCF_000618265.2_EcF6751_genomic.fna,GCF_000619005.2_Ec2009C-4052_genomic.fna,GCF_000619105.1_Ec2009C-4780_genomic.fna,GCF_000619765.2_Ec2009C-3279_genomic.fna,GCF_000687005.1_ASM68700v1_genomic.fna,GCF_000687025.1_ASM68702v1_genomic.fna,GCF_000700125.1_ASM70012v1_genomic.fna,GCF_000753315.1_FHI35_genomic.fna,GCF_000776375.1_ASM77637v1_genomic.fna,GCF_000779395.1_ASM77939v1_genomic.fna,GCF_000780315.1_ASM78031v1_genomic.fna,GCF_000781995.1_ASM78199v1_genomic.fna,GCF_000986765.1_ASM98676v1_genomic.fna,GCF_001041375.1_ViralProj287958_genomic.fna,GCF_001265335.1_302014_genomic.fna,GCF_001265625.1_100854_genomic.fna,GCF_001267345.1_303289_genomic.fna,GCF_001309985.1_ASM130998v1_genomic.fna,GCF_001521695.1_ASM152169v1_genomic.fna,GCF_001592595.1_ASM159259v1_genomic.fna,GCF_001614975.1_ASM161497v1_genomic.fna,GCF_001692775.1_ASM169277v1_genomic.fna,GCF_001748915.1_ASM174891v1_genomic.fna,GCF_001749235.1_ASM174923v1_genomic.fna,GCF_001881155.1_ASM188115v1_genomic.fna,GCF_001881345.1_ASM188134v1_genomic.fna,GCF_001892405.1_ASM189240v1_genomic.fna,GCF_001892585.1_ASM189258v1_genomic.fna,GCF_001893985.1_ASM189398v1_genomic.fna,GCF_002001595.1_ASM200159v1_genomic.fna,GCF_002002145.1_ASM200214v1_genomic.fna
1.0,0.571,0.506,0.515,0.554,0.559,0.554,0.523,0.663,0.517,0.55,0.533,0.573,0.517,0.501,0.557,0.548,0.561,0.538,0.549,0.544,0.567,0.558,0.582,0.581,0.555,0.564,0.511,0.594,0.659,0.502,0.547,0.0,0.565,0.538,0.511,0.55,0.566,0.506,0.567,0.512,0.568,0.564,0.5,0.517,0.541,0.55,0.553,0.496,0.592
0.571,1.0,0.458,0.498,0.702,0.797,0.613,0.511,0.535,0.498,0.653,0.52,0.663,0.483,0.486,0.618,0.732,0.664,0.67,0.606,0.653,0.673,0.68,0.794,0.81,0.737,0.658,0.499,0.55,0.549,0.483,0.679,0.0,0.657,0.74,0.485,0.608,0.682,0.502,0.661,0.489,0.729,0.676,0.518,0.524,0.518,0.717,0.715,0.504,0.541
0.506,0.458,1.0,0.406,0.447,0.438,0.447,0.417,0.482,0.413,0.424,0.421,0.435,0.405,0.407,0.449,0.425,0.428,0.425,0.44,0.423,0.429,0.439,0.443,0.43,0.421,0.426,0.408,0.464,0.483,0.405,0.433,0.0,0.429,0.406,0.41,0.442,0.422,0.422,0.433,0.416,0.441,0.425,0.417,0.416,0.445,0.426,0.426,0.42,0.468
0.515,0.498,0.406,1.0,0.481,0.491,0.468,0.732,0.503,0.763,0.494,0.755,0.515,0.812,0.801,0.467,0.503,0.494,0.478,0.459,0.483,0.502,0.498,0.518,0.515,0.495,0.503,0.78,0.532,0.5,0.756,0.488,0.0,0.499,0.484,0.661,0.462,0.502,0.705,0.497,0.771,0.492,0.497,0.745,0.75,0.511,0.493,0.496,0.706,0.542
0.554,0.702,0.447,0.481,1.0,0.718,0.614,0.505,0.54,0.483,0.771,0.501,0.738,0.485,0.489,0.624,0.682,0.708,0.721,0.609,0.722,0.734,0.735,0.698,0.699,0.676,0.715,0.497,0.552,0.55,0.481,0.737,0.0,0.733,0.662,0.493,0.609,0.724,0.507,0.734,0.492,0.707,0.741,0.503,0.51,0.501,0.713,0.713,0.494,0.542
0.559,0.797,0.438,0.491,0.718,1.0,0.608,0.518,0.534,0.485,0.658,0.491,0.664,0.493,0.479,0.617,0.73,0.681,0.676,0.602,0.654,0.679,0.694,0.784,0.803,0.724,0.656,0.496,0.569,0.542,0.476,0.685,0.0,0.68,0.748,0.501,0.602,0.671,0.528,0.678,0.487,0.74,0.678,0.505,0.51,0.504,0.731,0.731,0.493,0.559
0.554,0.613,0.447,0.468,0.614,0.608,1.0,0.48,0.528,0.452,0.579,0.473,0.591,0.467,0.46,0.969,0.604,0.637,0.631,0.979,0.637,0.625,0.65,0.606,0.616,0.591,0.593,0.464,0.522,0.526,0.457,0.618,0.0,0.606,0.571,0.479,0.986,0.582,0.489,0.593,0.459,0.602,0.597,0.474,0.477,0.503,0.572,0.572,0.462,0.527
0.523,0.511,0.417,0.732,0.505,0.518,0.48,1.0,0.516,0.732,0.491,0.746,0.521,0.737,0.737,0.483,0.515,0.507,0.499,0.471,0.489,0.518,0.508,0.528,0.526,0.506,0.507,0.903,0.554,0.514,0.734,0.506,0.0,0.51,0.495,0.666,0.477,0.516,0.711,0.517,0.741,0.513,0.509,0.89,0.879,0.51,0.507,0.505,0.699,0.547
0.663,0.535,0.482,0.503,0.54,0.534,0.528,0.516,1.0,0.503,0.527,0.512,0.548,0.509,0.513,0.534,0.532,0.544,0.524,0.521,0.529,0.551,0.543,0.542,0.537,0.528,0.541,0.515,0.589,0.662,0.505,0.533,0.0,0.545,0.506,0.508,0.524,0.534,0.512,0.547,0.509,0.534,0.545,0.507,0.507,0.536,0.527,0.527,0.497,0.592
0.517,0.498,0.413,0.763,0.483,0.485,0.452,0.732,0.503,1.0,0.517,0.721,0.525,0.758,0.749,0.458,0.49,0.479,0.47,0.445,0.466,0.485,0.476,0.507,0.498,0.488,0.501,0.758,0.535,0.497,0.771,0.469,0.0,0.482,0.495,0.653,0.449,0.501,0.7,0.499,0.771,0.488,0.493,0.72,0.733,0.492,0.478,0.48,0.7,0.521
0.55,0.653,0.424,0.494,0.771,0.658,0.579,0.491,0.527,0.517,1.0,0.472,0.768,0.499,0.49,0.587,0.669,0.704,0.694,0.572,0.682,0.726,0.707,0.702,0.67,0.675,0.729,0.497,0.518,0.541,0.477,0.693,0.0,0.712,0.712,0.487,0.575,0.719,0.477,0.75,0.482,0.669,0.735,0.474,0.477,0.473,0.673,0.675,0.467,0.513
0.533,0.52,0.421,0.755,0.501,0.491,0.473,0.746,0.512,0.721,0.472,1.0,0.503,0.754,0.861,0.477,0.491,0.485,0.481,0.464,0.491,0.5,0.5,0.503,0.509,0.485,0.49,0.748,0.539,0.503,0.718,0.496,0.0,0.492,0.467,0.653,0.469,0.5,0.716,0.493,0.738,0.496,0.498,0.75,0.77,0.519,0.481,0.481,0.712,0.536
0.573,0.663,0.435,0.515,0.738,0.664,0.591,0.521,0.548,0.525,0.768,0.503,1.0,0.509,0.513,0.597,0.678,0.746,0.739,0.587,0.739,0.807,0.79,0.706,0.68,0.672,0.79,0.521,0.539,0.556,0.501,0.732,0.0,0.79,0.674,0.497,0.589,0.768,0.498,0.801,0.504,0.684,0.784,0.497,0.501,0.499,0.691,0.693,0.488,0.538
0.517,0.483,0.405,0.812,0.485,0.493,0.467,0.737,0.509,0.758,0.499,0.754,0.509,1.0,0.81,0.469,0.497,0.496,0.473,0.459,0.474,0.498,0.485,0.505,0.505,0.494,0.506,0.781,0.546,0.498,0.77,0.485,0.0,0.49,0.477,0.67,0.463,0.513,0.71,0.504,0.782,0.487,0.5,0.746,0.749,0.518,0.491,0.494,0.716,0.546
0.501,0.486,0.407,0.801,0.489,0.479,0.46,0.737,0.513,0.749,0.49,0.861,0.513,0.81,1.0,0.462,0.494,0.489,0.472,0.453,0.475,0.495,0.493,0.497,0.494,0.486,0.504,0.774,0.528,0.501,0.771,0.482,0.0,0.485,0.47,0.668,0.457,0.508,0.704,0.501,0.776,0.487,0.502,0.74,0.747,0.516,0.495,0.498,0.718,0.549
0.557,0.618,0.449,0.467,0.624,0.617,0.969,0.483,0.534,0.458,0.587,0.477,0.597,0.469,0.462,1.0,0.608,0.633,0.636,0.956,0.632,0.629,0.646,0.612,0.616,0.591,0.595,0.47,0.524,0.533,0.456,0.617,0.0,0.607,0.574,0.483,0.966,0.591,0.494,0.598,0.464,0.607,0.602,0.478,0.483,0.504,0.577,0.577,0.471,0.53
0.548,0.732,0.425,0.503,0.682,0.73,0.604,0.515,0.532,0.49,0.669,0.491,0.678,0.497,0.494,0.608,1.0,0.677,0.66,0.594,0.662,0.689,0.68,0.774,0.776,0.779,0.671,0.506,0.534,0.534,0.489,0.703,0.0,0.684,0.713,0.512,0.597,0.669,0.498,0.674,0.499,0.724,0.69,0.503,0.507,0.476,0.728,0.731,0.483,0.52
0.561,0.664,0.428,0.494,0.708,0.681,0.637,0.507,0.544,0.479,0.704,0.485,0.746,0.496,0.489,0.633,0.677,1.0,0.785,0.63,0.756,0.786,0.779,0.691,0.678,0.666,0.745,0.497,0.54,0.542,0.487,0.73,0.0,0.744,0.651,0.523,0.627,0.714,0.506,0.737,0.489,0.686,0.735,0.495,0.499,0.493,0.675,0.675,0.48,0.535
0.538,0.67,0.425,0.478,0.721,0.676,0.631,0.499,0.524,0.47,0.694,0.481,0.739,0.473,0.472,0.636,0.66,0.785,1.0,0.622,0.768,0.781,0.784,0.672,0.665,0.644,0.747,0.48,0.53,0.521,0.467,0.746,0.0,0.735,0.638,0.504,0.623,0.715,0.503,0.739,0.474,0.678,0.73,0.486,0.488,0.487,0.658,0.658,0.475,0.531
0.549,0.606,0.44,0.459,0.609,0.602,0.979,0.471,0.521,0.445,0.572,0.464,0.587,0.459,0.453,0.956,0.594,0.63,0.622,1.0,0.629,0.618,0.638,0.598,0.611,0.586,0.588,0.457,0.516,0.521,0.452,0.61,0.0,0.595,0.563,0.474,0.987,0.574,0.48,0.586,0.453,0.597,0.593,0.465,0.468,0.504,0.569,0.569,0.456,0.522
0.544,0.653,0.423,0.483,0.722,0.654,0.637,0.489,0.529,0.466,0.682,0.491,0.739,0.474,0.475,0.632,0.662,0.756,0.768,0.629,1.0,0.778,0.789,0.666,0.665,0.657,0.738,0.481,0.521,0.521,0.468,0.745,0.0,0.749,0.634,0.494,0.63,0.722,0.497,0.736,0.48,0.656,0.736,0.486,0.492,0.498,0.666,0.666,0.479,0.532
0.567,0.673,0.429,0.502,0.734,0.679,0.625,0.518,0.551,0.485,0.726,0.5,0.807,0.498,0.495,0.629,0.689,0.786,0.781,0.618,0.778,1.0,0.921,0.695,0.695,0.666,0.77,0.505,0.541,0.545,0.485,0.759,0.0,0.877,0.656,0.513,0.62,0.744,0.497,0.773,0.487,0.689,0.776,0.502,0.509,0.497,0.675,0.675,0.488,0.549
0.558,0.68,0.439,0.498,0.735,0.694,0.65,0.508,0.543,0.476,0.707,0.5,0.79,0.485,0.493,0.646,0.68,0.779,0.784,0.638,0.789,0.921,1.0,0.678,0.681,0.652,0.753,0.497,0.551,0.533,0.474,0.773,0.0,0.862,0.64,0.513,0.639,0.729,0.516,0.752,0.478,0.679,0.751,0.507,0.51,0.499,0.659,0.659,0.486,0.552
0.582,0.794,0.443,0.518,0.698,0.784,0.606,0.528,0.542,0.507,0.702,0.503,0.706,0.505,0.497,0.612,0.774,0.691,0.672,0.598,0.666,0.695,0.678,1.0,0.839,0.775,0.698,0.518,0.546,0.557,0.49,0.694,0.0,0.688,0.809,0.499,0.6,0.684,0.498,0.698,0.498,0.751,0.702,0.496,0.507,0.498,0.746,0.747,0.481,0.542
0.581,0.81,0.43,0.515,0.699,0.803,0.616,0.526,0.537,0.498,0.67,0.509,0.68,0.505,0.494,0.616,0.776,0.678,0.665,0.611,0.665,0.695,0.681,0.839,1.0,0.79,0.681,0.515,0.541,0.546,0.492,0.694,0.0,0.678,0.787,0.503,0.614,0.686,0.507,0.684,0.504,0.744,0.696,0.522,0.524,0.492,0.74,0.743,0.505,0.532
0.555,0.737,0.421,0.495,0.676,0.724,0.591,0.506,0.528,0.488,0.675,0.485,0.672,0.494,0.486,0.591,0.779,0.666,0.644,0.586,0.657,0.666,0.652,0.775,0.79,1.0,0.667,0.498,0.531,0.531,0.486,0.658,0.0,0.656,0.721,0.492,0.588,0.671,0.487,0.684,0.489,0.723,0.668,0.493,0.496,0.487,0.74,0.74,0.49,0.526
0.564,0.658,0.426,0.503,0.715,0.656,0.593,0.507,0.541,0.501,0.729,0.49,0.79,0.506,0.504,0.595,0.671,0.745,0.747,0.588,0.738,0.77,0.753,0.698,0.681,0.667,1.0,0.501,0.534,0.543,0.492,0.749,0.0,0.751,0.662,0.488,0.589,0.831,0.476,0.792,0.494,0.669,0.851,0.483,0.487,0.496,0.674,0.677,0.471,0.535
0.511,0.499,0.408,0.78,0.497,0.496,0.464,0.903,0.515,0.758,0.497,0.748,0.521,0.781,0.774,0.47,0.506,0.497,0.48,0.457,0.481,0.505,0.497,0.518,0.515,0.498,0.501,1.0,0.547,0.509,0.755,0.499,0.0,0.498,0.489,0.667,0.462,0.512,0.705,0.503,0.768,0.492,0.502,0.943,0.93,0.502,0.504,0.506,0.713,0.537
0.594,0.55,0.464,0.532,0.552,0.569,0.522,0.554,0.589,0.535,0.518,0.539,0.539,0.546,0.528,0.524,0.534,0.54,0.53,0.516,0.521,0.541,0.551,0.546,0.541,0.531,0.534,0.547,1.0,0.578,0.526,0.542,0.0,0.543,0.501,0.556,0.517,0.523,0.56,0.531,0.53,0.545,0.524,0.551,0.555,0.616,0.53,0.53,0.531,0.862
0.659,0.549,0.483,0.5,0.55,0.542,0.526,0.514,0.662,0.497,0.541,0.503,0.556,0.498,0.501,0.533,0.534,0.542,0.521,0.521,0.521,0.545,0.533,0.557,0.546,0.531,0.543,0.509,0.578,1.0,0.494,0.527,0.0,0.533,0.522,0.499,0.525,0.538,0.499,0.553,0.504,0.547,0.543,0.501,0.504,0.552,0.548,0.551,0.489,0.58
0.502,0.483,0.405,0.756,0.481,0.476,0.457,0.734,0.505,0.771,0.477,0.718,0.501,0.77,0.771,0.456,0.489,0.487,0.467,0.452,0.468,0.485,0.474,0.49,0.492,0.486,0.492,0.755,0.526,0.494,1.0,0.468,0.0,0.483,0.461,0.657,0.455,0.495,0.693,0.495,0.901,0.481,0.489,0.725,0.728,0.5,0.483,0.486,0.707,0.522
0.547,0.679,0.433,0.488,0.737,0.685,0.618,0.506,0.533,0.469,0.693,0.496,0.732,0.485,0.482,0.617,0.703,0.73,0.746,0.61,0.745,0.759,0.773,0.694,0.694,0.658,0.749,0.499,0.542,0.527,0.468,1.0,0.0,0.745,0.637,0.488,0.611,0.738,0.494,0.749,0.473,0.681,0.751,0.506,0.51,0.49,0.677,0.677,0.478,0.53
0.0,0.0,0.0,0.0,0.0,0.0,0.0,0.0,0.0,0.0,0.0,0.0,0.0,0.0,0.0,0.0,0.0,0.0,0.0,0.0,0.0,0.0,0.0,0.0,0.0,0.0,0.0,0.0,0.0,0.0,0.0,0.0,1.0,0.0,0.0,0.0,0.0,0.0,0.0,0.0,0.0,0.0,0.0,0.0,0.0,0.0,0.0,0.0,0.0,0.0
0.565,0.657,0.429,0.499,0.733,0.68,0.606,0.51,0.545,0.482,0.712,0.492,0.79,0.49,0.485,0.607,0.684,0.744,0.735,0.595,0.749,0.877,0.862,0.688,0.678,0.656,0.751,0.498,0.543,0.533,0.483,0.745,0.0,1.0,0.648,0.524,0.597,0.734,0.505,0.752,0.484,0.673,0.762,0.496,0.501,0.488,0.663,0.663,0.48,0.534
0.538,0.74,0.406,0.484,0.662,0.748,0.571,0.495,0.506,0.495,0.712,0.467,0.674,0.477,0.47,0.574,0.713,0.651,0.638,0.563,0.634,0.656,0.64,0.809,0.787,0.721,0.662,0.489,0.501,0.522,0.461,0.637,0.0,0.648,1.0,0.472,0.566,0.645,0.467,0.674,0.46,0.7,0.664,0.468,0.474,0.457,0.696,0.699,0.452,0.492
0.511,0.485,0.41,0.661,0.493,0.501,0.479,0.666,0.508,0.653,0.487,0.653,0.497,0.67,0.668,0.483,0.512,0.523,0.504,0.474,0.494,0.513,0.513,0.499,0.503,0.492,0.488,0.667,0.556,0.499,0.657,0.488,0.0,0.524,0.472,1.0,0.475,0.481,0.69,0.495,0.668,0.498,0.491,0.66,0.668,0.498,0.479,0.479,0.658,0.551
0.55,0.608,0.442,0.462,0.609,0.602,0.986,0.477,0.524,0.449,0.575,0.469,0.589,0.463,0.457,0.966,0.597,0.627,0.623,0.987,0.63,0.62,0.639,0.6,0.614,0.588,0.589,0.462,0.517,0.525,0.455,0.611,0.0,0.597,0.566,0.475,1.0,0.577,0.482,0.589,0.455,0.598,0.593,0.471,0.473,0.504,0.57,0.57,0.46,0.523
0.566,0.682,0.422,0.502,0.724,0.671,0.582,0.516,0.534,0.501,0.719,0.5,0.768,0.513,0.508,0.591,0.669,0.714,0.715,0.574,0.722,0.744,0.729,0.684,0.686,0.671,0.831,0.512,0.523,0.538,0.495,0.738,0.0,0.734,0.645,0.481,0.577,1.0,0.485,0.77,0.502,0.677,0.862,0.498,0.49,0.488,0.694,0.694,0.489,0.526
0.506,0.502,0.422,0.705,0.507,0.528,0.489,0.711,0.512,0.7,0.477,0.716,0.498,0.71,0.704,0.494,0.498,0.506,0.503,0.48,0.497,0.497,0.516,0.498,0.507,0.487,0.476,0.705,0.56,0.499,0.693,0.494,0.0,0.505,0.467,0.69,0.482,0.485,1.0,0.494,0.704,0.499,0.493,0.719,0.718,0.522,0.482,0.482,0.693,0.558
0.567,0.661,0.433,0.497,0.734,0.678,0.593,0.517,0.547,0.499,0.75,0.493,0.801,0.504,0.501,0.598,0.674,0.737,0.739,0.586,0.736,0.773,0.752,0.698,0.684,0.684,0.792,0.503,0.531,0.553,0.495,0.749,0.0,0.752,0.674,0.495,0.589,0.77,0.494,1.0,0.496,0.674,0.788,0.484,0.494,0.502,0.69,0.691,0.476,0.539
0.512,0.489,0.416,0.771,0.492,0.487,0.459,0.741,0.509,0.771,0.482,0.738,0.504,0.782,0.776,0.464,0.499,0.489,0.474,0.453,0.48,0.487,0.478,0.498,0.504,0.489,0.494,0.768,0.53,0.504,0.901,0.473,0.0,0.484,0.46,0.668,0.455,0.502,0.704,0.496,1.0,0.495,0.489,0.747,0.751,0.506,0.49,0.493,0.717,0.528
0.568,0.729,0.441,0.492,0.707,0.74,0.602,0.513,0.534,0.488,0.669,0.496,0.684,0.487,0.487,0.607,0.724,0.686,0.678,0.597,0.656,0.689,0.679,0.751,0.744,0.723,0.669,0.492,0.545,0.547,0.481,0.681,0.0,0.673,0.7,0.498,0.598,0.677,0.499,0.674,0.495,1.0,0.71,0.498,0.499,0.489,0.75,0.75,0.488,0.541
0.564,0.676,0.425,0.497,0.741,0.678,0.597,0.509,0.545,0.493,0.735,0.498,0.784,0.5,0.502,0.602,0.69,0.735,0.73,0.593,0.736,0.776,0.751,0.702,0.696,0.668,0.851,0.502,0.524,0.543,0.489,0.751,0.0,0.762,0.664,0.491,0.593,0.862,0.493,0.788,0.489,0.71,1.0,0.49,0.489,0.494,0.688,0.69,0.475,0.533
0.5,0.518,0.417,0.745,0.503,0.505,0.474,0.89,0.507,0.72,0.474,0.75,0.497,0.746,0.74,0.478,0.503,0.495,0.486,0.465,0.486,0.502,0.507,0.496,0.522,0.493,0.483,0.943,0.551,0.501,0.725,0.506,0.0,0.496,0.468,0.66,0.471,0.498,0.719,0.484,0.747,0.498,0.49,1.0,0.949,0.512,0.497,0.497,0.734,0.54
0.517,0.524,0.416,0.75,0.51,0.51,0.477,0.879,0.507,0.733,0.477,0.77,0.501,0.749,0.747,0.483,0.507,0.499,0.488,0.468,0.492,0.509,0.51,0.507,0.524,0.496,0.487,0.93,0.555,0.504,0.728,0.51,0.0,0.501,0.474,0.668,0.473,0.49,0.718,0.494,0.751,0.499,0.489,0.949,1.0,0.507,0.498,0.498,0.725,0.543
0.541,0.518,0.445,0.511,0.501,0.504,0.503,0.51,0.536,0.492,0.473,0.519,0.499,0.518,0.516,0.504,0.476,0.493,0.487,0.504,0.498,0.497,0.499,0.498,0.492,0.487,0.496,0.502,0.616,0.552,0.5,0.49,0.0,0.488,0.457,0.498,0.504,0.488,0.522,0.502,0.506,0.489,0.494,0.512,0.507,1.0,0.515,0.512,0.508,0.669
0.55,0.717,0.426,0.493,0.713,0.731,0.572,0.507,0.527,0.478,0.673,0.481,0.691,0.491,0.495,0.577,0.728,0.675,0.658,0.569,0.666,0.675,0.659,0.746,0.74,0.74,0.674,0.504,0.53,0.548,0.483,0.677,0.0,0.663,0.696,0.479,0.57,0.694,0.482,0.69,0.49,0.75,0.688,0.497,0.498,0.515,1.0,0.996,0.479,0.541
0.553,0.715,0.426,0.496,0.713,0.731,0.572,0.505,0.527,0.48,0.675,0.481,0.693,0.494,0.498,0.577,0.731,0.675,0.658,0.569,0.666,0.675,0.659,0.747,0.743,0.74,0.677,0.506,0.53,0.551,0.486,0.677,0.0,0.663,0.699,0.479,0.57,0.694,0.482,0.691,0.493,0.75,0.69,0.497,0.498,0.512,0.996,1.0,0.479,0.54
0.496,0.504,0.42,0.706,0.494,0.493,0.462,0.699,0.497,0.7,0.467,0.712,0.488,0.716,0.718,0.471,0.483,0.48,0.475,0.456,0.479,0.488,0.486,0.481,0.505,0.49,0.471,0.713,0.531,0.489,0.707,0.478,0.0,0.48,0.452,0.658,0.46,0.489,0.693,0.476,0.717,0.488,0.475,0.734,0.725,0.508,0.479,0.479,1.0,0.54
0.592,0.541,0.468,0.542,0.542,0.559,0.527,0.547,0.592,0.521,0.513,0.536,0.538,0.546,0.549,0.53,0.52,0.535,0.531,0.522,0.532,0.549,0.552,0.542,0.532,0.526,0.535,0.537,0.862,0.58,0.522,0.53,0.0,0.534,0.492,0.551,0.523,0.526,0.558,0.539,0.528,0.541,0.533,0.54,0.543,0.669,0.541,0.54,0.54,1.0
