GCF_000163235.1_ASM16323v1_genomic.fna,GCF_000164555.1_ASM16455v1_genomic.fna,GCF_000208545.1_ASM20854v2_genomic.fna,GCF_000233875.1_ASM23387v1_genomic.fna,GCF_000249735.1_ASM24973v2_genomic.fna,GCF_000261145.1_Esch_coli_M919_V2_genomic.fna,GCF_000267705.2_ASM26770v2_genomic.fna,GCF_000350665.1_Esch_coli_KTE5_V1_genomic.fna,GCF_000351625.1_Esch_coli_KTE66_V1_genomic.fna,GCF_000352285.1_Esch_coli_KTE46_V1_genomic.fna,GCF_000358895.1_ASM35889v1_genomic.fna,GCF_000456385.1_Esch_coli_HVH_26_4-5703913_V1_genomic.fna,GCF_000458195.1_Esch_coli_HVH_147_4-5893887_V1_genomic.fna,GCF_000459755.1_Esch_coli_KOEGE_58_171a_V1_genomic.fna,GCF_000460055.1_Esch_coli_UMEA_3053-1_V1_genomic.fna,GCF_000462165.2_ASM46216v2_genomic.fna,GCF_000601135.1_ASM60113v1_genomic.fna,GCF_000614595.1_Ec2010EL1058_genomic.fna,GCF_000617745.1_Ec2010C-4529_genomic.fna,GCF_000618265.2_EcF6751_genomic.fna,GCF_000619005.2_Ec2009C-4052_genomic.fna,GCF_000619105.1_Ec2009C-4780_genomic.fna,GCF_000619765.2_Ec2009C-3279_genomic.fna,GCF_000687005.1_ASM68700v1_genomic.fna,GCF_000687025.1_ASM68702v1_genomic.fna,GCF_000700125.1_ASM70012v1_genomic.fna,GCF_000753315.1_FHI35_genomic.fna,GCF_000776375.1_ASM77637v1_genomic.fna,GCF_000779395.1_ASM77939v1_genomic.fna,GCF_000780315.1_ASM78031v1_genomic.fna,GCF_000781995.1_ASM78199v1_genomic.fna,GCF_000986765.1_ASM98676v1_genomic.fna,GCF_001041375.1_ViralProj287958_genomic.fna,GCF_001265335.1_302014_genomic.fna,GCF_001265625.1_100854_genomic.fna,GCF_001267345.1_303289_genomic.fna,GCF_001309985.1_ASM130998v1_genomic.fna,GCF_001521695.1_ASM152169v1_genomic.fna,GCF_001592595.1_ASM159259v1_genomic.fna,GCF_001614975.1_ASM161497v1_genomic.fna,GCF_001692775.1_ASM169277v1_genomic.fna,GCF_001748915.1_ASM174891v1_genomic.fna,GCF_001749235.1_ASM174923v1_genomic.fna,GCF_001881155.1_ASM188115v1_genomic.fna,GCF_001881345.1_ASM188134v1_genomic.fna,GCF_001892405.1_ASM189240v1_genomic.fna,GCF_001892585.1_ASM189258v1_genomic.fna,GCF_001893985.1_ASM189398v1_genomic.fna,GCF_002001595.1_ASM200159v1_genomic.fna,GCF_002002145.1_ASM200214v1_genomic.fna
1.0,0.483,0.406,0.439,0.486,0.483,0.461,0.437,0.585,0.45,0.473,0.438,0.463,0.442,0.421,0.47,0.489,0.466,0.471,0.463,0.466,0.468,0.486,0.493,0.485,0.471,0.469,0.436,0.533,0.578,0.417,0.467,0.0,0.474,0.462,0.424,0.464,0.473,0.418,0.477,0.431,0.471,0.475,0.422,0.429,0.454,0.473,0.473,0.422,0.514
0.483,1.0,0.363,0.414,0.605,0.776,0.518,0.425,0.46,0.406,0.579,0.423,0.592,0.395,0.399,0.532,0.703,0.599,0.588,0.522,0.576,0.579,0.593,0.79,0.812,0.682,0.587,0.425,0.456,0.462,0.391,0.608,0.0,0.576,0.744,0.393,0.524,0.609,0.4,0.593,0.389,0.685,0.602,0.422,0.416,0.417,0.681,0.681,0.401,0.458
0.406,0.363,1.0,0.338,0.353,0.357,0.332,0.324,0.377,0.336,0.341,0.331,0.351,0.331,0.327,0.342,0.364,0.343,0.34,0.335,0.347,0.348,0.364,0.354,0.355,0.34,0.362,0.327,0.396,0.392,0.321,0.347,0.0,0.356,0.327,0.327,0.336,0.358,0.325,0.351,0.328,0.342,0.36,0.322,0.316,0.348,0.36,0.36,0.326,0.391
0.439,0.414,0.338,1.0,0.431,0.396,0.384,0.691,0.42,0.727,0.409,0.718,0.42,0.764,0.75,0.389,0.416,0.411,0.413,0.386,0.41,0.414,0.429,0.419,0.413,0.4,0.427,0.731,0.475,0.433,0.703,0.418,0.0,0.405,0.389,0.64,0.387,0.427,0.662,0.412,0.738,0.405,0.429,0.712,0.703,0.422,0.401,0.401,0.661,0.459
0.486,0.605,0.353,0.431,1.0,0.626,0.529,0.424,0.474,0.417,0.754,0.424,0.7,0.43,0.425,0.539,0.624,0.668,0.665,0.533,0.684,0.663,0.68,0.622,0.625,0.618,0.687,0.423,0.499,0.485,0.415,0.684,0.0,0.671,0.598,0.412,0.534,0.699,0.415,0.712,0.429,0.633,0.718,0.412,0.411,0.431,0.647,0.648,0.428,0.462
0.483,0.776,0.357,0.396,0.626,1.0,0.532,0.417,0.467,0.395,0.593,0.402,0.611,0.4,0.403,0.545,0.716,0.626,0.606,0.536,0.6,0.593,0.619,0.796,0.82,0.683,0.609,0.403,0.465,0.464,0.383,0.605,0.0,0.606,0.772,0.405,0.536,0.611,0.416,0.606,0.396,0.704,0.617,0.395,0.397,0.409,0.7,0.7,0.401,0.461
0.461,0.518,0.332,0.384,0.529,0.532,1.0,0.391,0.459,0.375,0.514,0.392,0.519,0.393,0.39,0.951,0.536,0.57,0.549,0.983,0.557,0.535,0.565,0.532,0.525,0.513,0.538,0.391,0.433,0.44,0.374,0.545,0.0,0.518,0.511,0.399,0.985,0.526,0.41,0.515,0.374,0.521,0.53,0.382,0.378,0.391,0.524,0.524,0.379,0.445
0.437,0.425,0.324,0.691,0.424,0.417,0.391,1.0,0.418,0.692,0.392,0.696,0.411,0.685,0.69,0.391,0.423,0.404,0.404,0.389,0.401,0.397,0.418,0.424,0.417,0.383,0.422,0.902,0.467,0.414,0.682,0.423,0.0,0.399,0.375,0.604,0.388,0.439,0.667,0.402,0.682,0.402,0.427,0.892,0.872,0.426,0.403,0.403,0.638,0.469
0.585,0.46,0.377,0.42,0.474,0.467,0.459,0.418,1.0,0.427,0.46,0.423,0.477,0.428,0.422,0.469,0.468,0.473,0.465,0.465,0.465,0.465,0.481,0.469,0.459,0.448,0.487,0.422,0.519,0.61,0.409,0.461,0.0,0.471,0.441,0.422,0.465,0.474,0.413,0.476,0.415,0.461,0.483,0.408,0.405,0.45,0.454,0.454,0.414,0.513
0.45,0.406,0.336,0.727,0.417,0.395,0.375,0.692,0.427,1.0,0.42,0.678,0.437,0.731,0.691,0.384,0.405,0.399,0.405,0.38,0.392,0.407,0.402,0.414,0.395,0.404,0.418,0.707,0.477,0.432,0.728,0.388,0.0,0.394,0.388,0.631,0.38,0.41,0.663,0.422,0.753,0.396,0.414,0.687,0.691,0.407,0.388,0.388,0.686,0.452
0.473,0.579,0.341,0.409,0.754,0.593,0.514,0.392,0.46,0.42,1.0,0.386,0.748,0.408,0.391,0.528,0.594,0.652,0.678,0.519,0.653,0.692,0.681,0.627,0.596,0.621,0.677,0.395,0.471,0.468,0.383,0.652,0.0,0.66,0.633,0.398,0.52,0.663,0.39,0.722,0.401,0.612,0.685,0.385,0.386,0.399,0.599,0.6,0.408,0.452
0.438,0.423,0.331,0.718,0.424,0.402,0.392,0.696,0.423,0.678,0.386,1.0,0.408,0.712,0.848,0.4,0.41,0.399,0.394,0.395,0.398,0.397,0.406,0.41,0.408,0.389,0.414,0.716,0.481,0.419,0.676,0.416,0.0,0.395,0.376,0.614,0.396,0.431,0.657,0.401,0.702,0.399,0.422,0.698,0.697,0.436,0.407,0.407,0.636,0.482
0.463,0.592,0.351,0.42,0.7,0.611,0.519,0.411,0.477,0.437,0.748,0.408,1.0,0.42,0.413,0.532,0.61,0.699,0.728,0.526,0.712,0.756,0.75,0.638,0.605,0.621,0.741,0.41,0.479,0.471,0.404,0.699,0.0,0.73,0.622,0.414,0.527,0.721,0.403,0.77,0.419,0.625,0.733,0.397,0.396,0.407,0.614,0.615,0.418,0.459
0.442,0.395,0.331,0.764,0.43,0.4,0.393,0.685,0.428,0.731,0.408,0.712,0.42,1.0,0.749,0.4,0.407,0.408,0.412,0.396,0.4,0.412,0.417,0.416,0.399,0.396,0.422,0.718,0.491,0.427,0.704,0.406,0.0,0.399,0.383,0.622,0.396,0.42,0.664,0.416,0.745,0.399,0.424,0.699,0.691,0.419,0.397,0.397,0.673,0.458
0.421,0.399,0.327,0.75,0.425,0.403,0.39,0.69,0.422,0.691,0.391,0.848,0.413,0.749,1.0,0.397,0.411,0.406,0.399,0.394,0.396,0.4,0.413,0.399,0.4,0.385,0.425,0.718,0.474,0.414,0.72,0.407,0.0,0.396,0.374,0.622,0.394,0.426,0.663,0.406,0.726,0.4,0.422,0.698,0.692,0.439,0.41,0.41,0.652,0.486
0.47,0.532,0.342,0.389,0.539,0.545,0.951,0.391,0.469,0.384,0.528,0.4,0.532,0.4,0.397,1.0,0.543,0.571,0.556,0.957,0.55,0.543,0.563,0.535,0.534,0.523,0.542,0.387,0.441,0.454,0.383,0.54,0.0,0.524,0.514,0.408,0.957,0.535,0.402,0.526,0.384,0.53,0.534,0.382,0.38,0.39,0.54,0.54,0.389,0.445
0.489,0.703,0.364,0.416,0.624,0.716,0.536,0.423,0.468,0.405,0.594,0.41,0.61,0.407,0.411,0.543,1.0,0.626,0.604,0.538,0.614,0.616,0.639,0.737,0.733,0.735,0.62,0.42,0.467,0.462,0.39,0.641,0.0,0.626,0.674,0.416,0.539,0.601,0.41,0.611,0.397,0.69,0.623,0.41,0.409,0.406,0.704,0.704,0.4,0.462
0.466,0.599,0.343,0.411,0.668,0.626,0.57,0.404,0.473,0.399,0.652,0.399,0.699,0.408,0.406,0.571,0.626,1.0,0.759,0.574,0.719,0.711,0.729,0.629,0.614,0.601,0.705,0.399,0.469,0.466,0.391,0.672,0.0,0.683,0.594,0.415,0.572,0.676,0.419,0.693,0.396,0.633,0.699,0.389,0.389,0.4,0.633,0.633,0.399,0.459
0.471,0.588,0.34,0.413,0.665,0.606,0.549,0.404,0.465,0.405,0.678,0.394,0.728,0.412,0.399,0.556,0.604,0.759,1.0,0.551,0.718,0.726,0.717,0.627,0.611,0.608,0.705,0.403,0.474,0.468,0.39,0.677,0.0,0.681,0.6,0.421,0.553,0.683,0.405,0.722,0.403,0.625,0.705,0.39,0.389,0.405,0.613,0.613,0.4,0.453
0.463,0.522,0.335,0.386,0.533,0.536,0.983,0.389,0.465,0.38,0.519,0.395,0.526,0.396,0.394,0.957,0.538,0.574,0.551,1.0,0.558,0.538,0.563,0.533,0.53,0.519,0.54,0.389,0.435,0.444,0.378,0.548,0.0,0.521,0.511,0.402,0.992,0.532,0.407,0.522,0.378,0.525,0.536,0.38,0.376,0.391,0.529,0.529,0.383,0.444
0.466,0.576,0.347,0.41,0.684,0.6,0.557,0.401,0.465,0.392,0.653,0.398,0.712,0.4,0.396,0.55,0.614,0.719,0.718,0.558,1.0,0.713,0.743,0.613,0.597,0.603,0.725,0.403,0.461,0.457,0.387,0.705,0.0,0.712,0.575,0.422,0.558,0.69,0.403,0.707,0.397,0.616,0.713,0.391,0.388,0.407,0.624,0.625,0.393,0.445
0.468,0.579,0.348,0.414,0.663,0.593,0.535,0.397,0.465,0.407,0.692,0.397,0.756,0.412,0.4,0.543,0.616,0.711,0.726,0.538,0.713,1.0,0.91,0.625,0.602,0.608,0.711,0.399,0.462,0.453,0.384,0.693,0.0,0.845,0.596,0.401,0.536,0.693,0.4,0.715,0.4,0.604,0.721,0.391,0.389,0.407,0.6,0.601,0.407,0.456
0.486,0.593,0.364,0.429,0.68,0.619,0.565,0.418,0.481,0.402,0.681,0.406,0.75,0.417,0.413,0.563,0.639,0.729,0.717,0.563,0.743,0.91,1.0,0.626,0.622,0.611,0.739,0.421,0.476,0.458,0.398,0.724,0.0,0.849,0.592,0.42,0.563,0.712,0.417,0.71,0.409,0.617,0.735,0.41,0.405,0.416,0.613,0.614,0.407,0.469
0.493,0.79,0.354,0.419,0.622,0.796,0.532,0.424,0.469,0.414,0.627,0.41,0.638,0.416,0.399,0.535,0.737,0.629,0.627,0.533,0.613,0.625,0.626,1.0,0.818,0.733,0.619,0.403,0.465,0.481,0.382,0.613,0.0,0.608,0.804,0.412,0.534,0.597,0.4,0.637,0.403,0.72,0.615,0.394,0.395,0.402,0.698,0.698,0.41,0.45
0.485,0.812,0.355,0.413,0.625,0.82,0.525,0.417,0.459,0.395,0.596,0.408,0.605,0.399,0.4,0.534,0.733,0.614,0.611,0.53,0.597,0.602,0.622,0.818,1.0,0.722,0.607,0.404,0.461,0.463,0.38,0.626,0.0,0.598,0.793,0.394,0.531,0.608,0.403,0.608,0.392,0.713,0.626,0.403,0.397,0.407,0.706,0.706,0.4,0.449
0.471,0.682,0.34,0.4,0.618,0.683,0.513,0.383,0.448,0.404,0.621,0.389,0.621,0.396,0.385,0.523,0.735,0.601,0.608,0.519,0.603,0.608,0.611,0.733,0.722,1.0,0.594,0.389,0.452,0.458,0.374,0.592,0.0,0.586,0.698,0.394,0.519,0.585,0.381,0.642,0.391,0.683,0.596,0.39,0.381,0.394,0.696,0.696,0.406,0.443
0.469,0.587,0.362,0.427,0.687,0.609,0.538,0.422,0.487,0.418,0.677,0.414,0.741,0.422,0.425,0.542,0.62,0.705,0.705,0.54,0.725,0.711,0.739,0.619,0.607,0.594,1.0,0.421,0.48,0.471,0.412,0.718,0.0,0.7,0.581,0.415,0.542,0.806,0.416,0.747,0.416,0.627,0.832,0.408,0.402,0.415,0.619,0.619,0.411,0.471
0.436,0.425,0.327,0.731,0.423,0.403,0.391,0.902,0.422,0.707,0.395,0.716,0.41,0.718,0.718,0.387,0.42,0.399,0.403,0.389,0.403,0.399,0.421,0.403,0.404,0.389,0.421,1.0,0.468,0.413,0.701,0.429,0.0,0.395,0.374,0.61,0.389,0.438,0.662,0.4,0.712,0.401,0.421,0.96,0.932,0.431,0.405,0.405,0.654,0.469
0.533,0.456,0.396,0.475,0.499,0.465,0.433,0.467,0.519,0.477,0.471,0.481,0.479,0.491,0.474,0.441,0.467,0.469,0.474,0.435,0.461,0.462,0.476,0.465,0.461,0.452,0.48,0.468,1.0,0.522,0.463,0.468,0.0,0.46,0.444,0.473,0.436,0.48,0.469,0.48,0.477,0.452,0.481,0.451,0.451,0.546,0.456,0.456,0.466,0.819
0.578,0.462,0.392,0.433,0.485,0.464,0.44,0.414,0.61,0.432,0.468,0.419,0.471,0.427,0.414,0.454,0.462,0.466,0.468,0.444,0.457,0.453,0.458,0.481,0.463,0.458,0.471,0.413,0.522,1.0,0.414,0.441,0.0,0.449,0.449,0.425,0.444,0.46,0.407,0.481,0.44,0.456,0.468,0.406,0.403,0.476,0.457,0.457,0.421,0.514
0.417,0.391,0.321,0.703,0.415,0.383,0.374,0.682,0.409,0.728,0.383,0.676,0.404,0.704,0.72,0.383,0.39,0.391,0.39,0.378,0.387,0.384,0.398,0.382,0.38,0.374,0.412,0.701,0.463,0.414,1.0,0.391,0.0,0.379,0.357,0.606,0.378,0.409,0.651,0.398,0.881,0.388,0.405,0.679,0.67,0.404,0.387,0.387,0.64,0.447
0.467,0.608,0.347,0.418,0.684,0.605,0.545,0.423,0.461,0.388,0.652,0.416,0.699,0.406,0.407,0.54,0.641,0.672,0.677,0.548,0.705,0.693,0.724,0.613,0.626,0.592,0.718,0.429,0.468,0.441,0.391,1.0,0.0,0.697,0.571,0.4,0.548,0.743,0.418,0.713,0.391,0.604,0.742,0.416,0.416,0.415,0.619,0.619,0.391,0.46
0.0,0.0,0.0,0.0,0.0,0.0,0.0,0.0,0.0,0.0,0.0,0.0,0.0,0.0,0.0,0.0,0.0,0.0,0.0,0.0,0.0,0.0,0.0,0.0,0.0,0.0,0.0,0.0,0.0,0.0,0.0,0.0,1.0,0.0,0.0,0.0,0.0,0.0,0.0,0.0,0.0,0.0,0.0,0.0,0.0,0.0,0.0,0.0,0.0,0.0
0.474,0.576,0.356,0.405,0.671,0.606,0.518,0.399,0.471,0.394,0.66,0.395,0.73,0.399,0.396,0.524,0.626,0.683,0.681,0.521,0.712,0.845,0.849,0.608,0.598,0.586,0.7,0.395,0.46,0.449,0.379,0.697,0.0,1.0,0.577,0.422,0.52,0.691,0.408,0.694,0.39,0.606,0.725,0.389,0.392,0.403,0.602,0.603,0.394,0.452
0.462,0.744,0.327,0.389,0.598,0.772,0.511,0.375,0.441,0.388,0.633,0.376,0.622,0.383,0.374,0.514,0.674,0.594,0.6,0.511,0.575,0.596,0.592,0.804,0.793,0.698,0.581,0.374,0.444,0.449,0.357,0.571,0.0,0.577,1.0,0.388,0.512,0.569,0.377,0.613,0.378,0.677,0.588,0.363,0.369,0.384,0.666,0.666,0.381,0.425
0.424,0.393,0.327,0.64,0.412,0.405,0.399,0.604,0.422,0.631,0.398,0.614,0.414,0.622,0.622,0.408,0.416,0.415,0.421,0.402,0.422,0.401,0.42,0.412,0.394,0.394,0.415,0.61,0.473,0.425,0.606,0.4,0.0,0.422,0.388,1.0,0.4,0.399,0.628,0.408,0.624,0.398,0.416,0.592,0.591,0.413,0.393,0.393,0.6,0.458
0.464,0.524,0.336,0.387,0.534,0.536,0.985,0.388,0.465,0.38,0.52,0.396,0.527,0.396,0.394,0.957,0.539,0.572,0.553,0.992,0.558,0.536,0.563,0.534,0.531,0.519,0.542,0.389,0.436,0.444,0.378,0.548,0.0,0.52,0.512,0.4,1.0,0.533,0.407,0.522,0.378,0.526,0.535,0.38,0.376,0.391,0.531,0.531,0.383,0.443
0.473,0.609,0.358,0.427,0.699,0.611,0.526,0.439,0.474,0.41,0.663,0.431,0.721,0.42,0.426,0.535,0.601,0.676,0.683,0.532,0.69,0.693,0.712,0.597,0.608,0.585,0.806,0.438,0.48,0.46,0.409,0.743,0.0,0.691,0.569,0.399,0.533,1.0,0.419,0.736,0.412,0.615,0.854,0.428,0.416,0.43,0.628,0.628,0.418,0.475
0.418,0.4,0.325,0.662,0.415,0.416,0.41,0.667,0.413,0.663,0.39,0.657,0.403,0.664,0.663,0.402,0.41,0.419,0.405,0.407,0.403,0.4,0.417,0.4,0.403,0.381,0.416,0.662,0.469,0.407,0.651,0.418,0.0,0.408,0.377,0.628,0.407,0.419,1.0,0.39,0.654,0.4,0.412,0.651,0.655,0.425,0.389,0.389,0.615,0.477
0.477,0.593,0.351,0.412,0.712,0.606,0.515,0.402,0.476,0.422,0.722,0.401,0.77,0.416,0.406,0.526,0.611,0.693,0.722,0.522,0.707,0.715,0.71,0.637,0.608,0.642,0.747,0.4,0.48,0.481,0.398,0.713,0.0,0.694,0.613,0.408,0.522,0.736,0.39,1.0,0.411,0.624,0.75,0.39,0.39,0.418,0.638,0.638,0.41,0.469
0.431,0.389,0.328,0.738,0.429,0.396,0.374,0.682,0.415,0.753,0.401,0.702,0.419,0.745,0.726,0.384,0.397,0.396,0.403,0.378,0.397,0.4,0.409,0.403,0.392,0.391,0.416,0.712,0.477,0.44,0.881,0.391,0.0,0.39,0.378,0.624,0.378,0.412,0.654,0.411,1.0,0.395,0.412,0.69,0.684,0.407,0.39,0.39,0.664,0.45
0.471,0.685,0.342,0.405,0.633,0.704,0.521,0.402,0.461,0.396,0.612,0.399,0.625,0.399,0.4,0.53,0.69,0.633,0.625,0.525,0.616,0.604,0.617,0.72,0.713,0.683,0.627,0.401,0.452,0.456,0.388,0.604,0.0,0.606,0.677,0.398,0.526,0.615,0.4,0.624,0.395,1.0,0.654,0.392,0.392,0.4,0.722,0.723,0.396,0.446
0.475,0.602,0.36,0.429,0.718,0.617,0.53,0.427,0.483,0.414,0.685,0.422,0.733,0.424,0.422,0.534,0.623,0.699,0.705,0.536,0.713,0.721,0.735,0.615,0.626,0.596,0.832,0.421,0.481,0.468,0.405,0.742,0.0,0.725,0.588,0.416,0.535,0.854,0.412,0.75,0.412,0.654,1.0,0.41,0.406,0.427,0.633,0.633,0.416,0.469
0.422,0.422,0.322,0.712,0.412,0.395,0.382,0.892,0.408,0.687,0.385,0.698,0.397,0.699,0.698,0.382,0.41,0.389,0.39,0.38,0.391,0.391,0.41,0.394,0.403,0.39,0.408,0.96,0.451,0.406,0.679,0.416,0.0,0.389,0.363,0.592,0.38,0.428,0.651,0.39,0.69,0.392,0.41,1.0,0.95,0.432,0.399,0.399,0.645,0.457
0.429,0.416,0.316,0.703,0.411,0.397,0.378,0.872,0.405,0.691,0.386,0.697,0.396,0.691,0.692,0.38,0.409,0.389,0.389,0.376,0.388,0.389,0.405,0.395,0.397,0.381,0.402,0.932,0.451,0.403,0.67,0.416,0.0,0.392,0.369,0.591,0.376,0.416,0.655,0.39,0.684,0.392,0.406,0.95,1.0,0.435,0.399,0.399,0.634,0.454
0.454,0.417,0.348,0.422,0.431,0.409,0.391,0.426,0.45,0.407,0.399,0.436,0.407,0.419,0.439,0.39,0.406,0.4,0.405,0.391,0.407,0.407,0.416,0.402,0.407,0.394,0.415,0.431,0.546,0.476,0.404,0.415,0.0,0.403,0.384,0.413,0.391,0.43,0.425,0.418,0.407,0.4,0.427,0.432,0.435,1.0,0.433,0.433,0.411,0.621
0.473,0.681,0.36,0.401,0.647,0.7,0.524,0.403,0.454,0.388,0.599,0.407,0.614,0.397,0.41,0.54,0.704,0.633,0.613,0.529,0.624,0.6,0.613,0.698,0.706,0.696,0.619,0.405,0.456,0.457,0.387,0.619,0.0,0.602,0.666,0.393,0.531,0.628,0.389,0.638,0.39,0.722,0.633,0.399,0.399,0.433,1.0,0.999,0.393,0.455
0.473,0.681,0.36,0.401,0.648,0.7,0.524,0.403,0.454,0.388,0.6,0.407,0.615,0.397,0.41,0.54,0.704,0.633,0.613,0.529,0.625,0.601,0.614,0.698,0.706,0.696,0.619,0.405,0.456,0.457,0.387,0.619,0.0,0.603,0.666,0.393,0.531,0.628,0.389,0.638,0.39,0.723,0.633,0.399,0.399,0.433,0.999,1.0,0.393,0.455
0.422,0.401,0.326,0.661,0.428,0.401,0.379,0.638,0.414,0.686,0.408,0.636,0.418,0.673,0.652,0.389,0.4,0.399,0.4,0.383,0.393,0.407,0.407,0.41,0.4,0.406,0.411,0.654,0.466,0.421,0.64,0.391,0.0,0.394,0.381,0.6,0.383,0.418,0.615,0.41,0.664,0.396,0.416,0.645,0.634,0.411,0.393,0.393,1.0,0.446
0.514,0.458,0.391,0.459,0.462,0.461,0.445,0.469,0.513,0.452,0.452,0.482,0.459,0.458,0.486,0.445,0.462,0.459,0.453,0.444,0.445,0.456,0.469,0.45,0.449,0.443,0.471,0.469,0.819,0.514,0.447,0.46,0.0,0.452,0.425,0.458,0.443,0.475,0.477,0.469,0.45,0.446,0.469,0.457,0.454,0.621,0.455,0.455,0.446,1.0
