GCF_000163235.1_ASM16323v1_genomic.fna,GCF_000164555.1_ASM16455v1_genomic.fna,GCF_000208545.1_ASM20854v2_genomic.fna,GCF_000233875.1_ASM23387v1_genomic.fna,GCF_000249735.1_ASM24973v2_genomic.fna,GCF_000261145.1_Esch_coli_M919_V2_genomic.fna,GCF_000267705.2_ASM26770v2_genomic.fna,GCF_000350665.1_Esch_coli_KTE5_V1_genomic.fna,GCF_000351625.1_Esch_coli_KTE66_V1_genomic.fna,GCF_000352285.1_Esch_coli_KTE46_V1_genomic.fna,GCF_000358895.1_ASM35889v1_genomic.fna,GCF_000456385.1_Esch_coli_HVH_26_4-5703913_V1_genomic.fna,GCF_000458195.1_Esch_coli_HVH_147_4-5893887_V1_genomic.fna,GCF_000459755.1_Esch_coli_KOEGE_58_171a_V1_genomic.fna,GCF_000460055.1_Esch_coli_UMEA_3053-1_V1_genomic.fna,GCF_000462165.2_ASM46216v2_genomic.fna,GCF_000601135.1_ASM60113v1_genomic.fna,GCF_000614595.1_Ec2010EL1058_genomic.fna,GCF_000617745.1_Ec2010C-4529_genomic.fna,GCF_000618265.2_EcF6751_genomic.fna,GCF_000619005.2_Ec2009C-4052_genomic.fna,GCF_000619105.1_Ec2009C-4780_genomic.fna,GCF_000619765.2_Ec2009C-3279_genomic.fna,GCF_000687005.1_ASM68700v1_genomic.fna,GCF_000687025.1_ASM68702v1_genomic.fna,GCF_000700125.1_ASM70012v1_genomic.fna,GCF_000753315.1_FHI35_genomic.fna,GCF_000776375.1_ASM77637v1_genomic.fna,GCF_000779395.1_ASM77939v1_genomic.fna,GCF_000780315.1_ASM78031v1_genomic.fna,GCF_000781995.1_ASM78199v1_genomic.fna,GCF_000986765.1_ASM98676v1_genomic.fna,GCF_001041375.1_ViralProj287958_genomic.fna,GCF_001265335.1_302014_genomic.fna,GCF_001265625.1_100854_genomic.fna,GCF_001267345.1_303289_genomic.fna,GCF_001309985.1_ASM130998v1_genomic.fna,GCF_001521695.1_ASM152169v1_genomic.fna,GCF_001592595.1_ASM159259v1_genomic.fna,GCF_001614975.1_ASM161497v1_genomic.fna,GCF_001692775.1_ASM169277v1_genomic.fna,GCF_001748915.1_ASM174891v1_genomic.fna,GCF_001749235.1_ASM174923v1_genomic.fna,GCF_001881155.1_ASM188115v1_genomic.fna,GCF_001881345.1_ASM188134v1_genomic.fna,GCF_001892405.1_ASM189240v1_genomic.fna,GCF_001892585.1_ASM189258v1_genomic.fna,GCF_001893985.1_ASM189398v1_genomic.fna,GCF_002001595.1_ASM200159v1_genomic.fna,GCF_002002145.1_ASM200214v1_genomic.fna
1.0,0.493,0.406,0.435,0.477,0.47,0.445,0.445,0.582,0.437,0.463,0.457,0.451,0.411,0.419,0.454,0.462,0.474,0.473,0.445,0.458,0.455,0.474,0.478,0.462,0.467,0.474,0.439,0.506,0.562,0.405,0.462,0.0,0.46,0.449,0.416,0.445,0.483,0.407,0.467,0.413,0.457,0.473,0.447,0.454,0.437,0.457,0.456,0.412,0.518
0.493,1.0,0.357,0.418,0.624,0.779,0.534,0.428,0.445,0.419,0.598,0.435,0.6,0.388,0.404,0.534,0.683,0.598,0.6,0.533,0.584,0.59,0.605,0.8,0.795,0.718,0.597,0.415,0.444,0.448,0.395,0.602,0.0,0.595,0.734,0.392,0.533,0.617,0.389,0.606,0.4,0.683,0.608,0.434,0.44,0.403,0.692,0.691,0.405,0.434
0.406,0.357,1.0,0.331,0.369,0.355,0.347,0.336,0.373,0.326,0.366,0.33,0.364,0.318,0.324,0.352,0.352,0.369,0.368,0.346,0.35,0.358,0.359,0.353,0.352,0.353,0.359,0.332,0.378,0.385,0.311,0.358,0.0,0.36,0.335,0.324,0.346,0.365,0.327,0.371,0.319,0.34,0.379,0.34,0.333,0.334,0.366,0.366,0.341,0.394
0.435,0.418,0.331,1.0,0.411,0.411,0.379,0.693,0.426,0.701,0.4,0.73,0.405,0.766,0.754,0.381,0.417,0.398,0.401,0.377,0.377,0.393,0.407,0.417,0.414,0.41,0.396,0.743,0.456,0.426,0.708,0.411,0.0,0.387,0.398,0.641,0.376,0.406,0.67,0.393,0.739,0.388,0.397,0.723,0.727,0.414,0.385,0.386,0.672,0.452
0.477,0.624,0.369,0.411,1.0,0.639,0.535,0.429,0.467,0.412,0.779,0.434,0.691,0.412,0.423,0.548,0.618,0.666,0.656,0.534,0.664,0.67,0.663,0.647,0.638,0.625,0.679,0.431,0.474,0.482,0.396,0.662,0.0,0.656,0.622,0.41,0.535,0.69,0.413,0.71,0.412,0.62,0.688,0.418,0.416,0.408,0.625,0.625,0.409,0.462
0.47,0.779,0.355,0.411,0.639,1.0,0.553,0.438,0.456,0.392,0.608,0.41,0.605,0.393,0.4,0.562,0.693,0.627,0.617,0.549,0.589,0.599,0.62,0.792,0.806,0.699,0.599,0.414,0.46,0.446,0.391,0.607,0.0,0.614,0.751,0.409,0.549,0.617,0.414,0.613,0.393,0.685,0.618,0.418,0.416,0.396,0.68,0.681,0.394,0.455
0.445,0.534,0.347,0.379,0.535,0.553,1.0,0.391,0.462,0.365,0.51,0.378,0.519,0.368,0.363,0.958,0.512,0.563,0.549,0.985,0.557,0.54,0.564,0.541,0.53,0.529,0.525,0.376,0.428,0.442,0.362,0.53,0.0,0.529,0.51,0.401,0.985,0.518,0.383,0.532,0.363,0.513,0.522,0.381,0.381,0.376,0.516,0.516,0.353,0.434
0.445,0.428,0.336,0.693,0.429,0.438,0.391,1.0,0.429,0.681,0.41,0.708,0.409,0.687,0.686,0.395,0.411,0.421,0.427,0.389,0.394,0.408,0.412,0.43,0.424,0.416,0.413,0.895,0.475,0.437,0.694,0.412,0.0,0.408,0.393,0.612,0.39,0.439,0.677,0.416,0.697,0.4,0.417,0.889,0.871,0.409,0.397,0.396,0.643,0.466
0.582,0.445,0.373,0.426,0.467,0.456,0.462,0.429,1.0,0.421,0.454,0.429,0.452,0.41,0.425,0.466,0.439,0.457,0.454,0.46,0.441,0.446,0.456,0.448,0.438,0.443,0.469,0.423,0.503,0.607,0.41,0.458,0.0,0.45,0.425,0.422,0.459,0.462,0.409,0.46,0.415,0.451,0.479,0.427,0.421,0.455,0.443,0.443,0.403,0.52
0.437,0.419,0.326,0.701,0.412,0.392,0.365,0.681,0.421,1.0,0.42,0.688,0.408,0.706,0.689,0.372,0.405,0.384,0.387,0.364,0.371,0.379,0.38,0.403,0.396,0.41,0.383,0.713,0.443,0.423,0.713,0.384,0.0,0.379,0.4,0.625,0.364,0.393,0.661,0.391,0.726,0.383,0.388,0.692,0.698,0.391,0.378,0.378,0.669,0.431
0.463,0.598,0.366,0.4,0.779,0.608,0.51,0.41,0.454,0.42,1.0,0.414,0.738,0.411,0.412,0.523,0.611,0.672,0.663,0.509,0.656,0.691,0.676,0.631,0.601,0.611,0.679,0.417,0.449,0.475,0.378,0.642,0.0,0.657,0.642,0.404,0.51,0.665,0.405,0.708,0.398,0.614,0.67,0.396,0.397,0.395,0.589,0.589,0.401,0.445
0.457,0.435,0.33,0.73,0.434,0.41,0.378,0.708,0.429,0.688,0.414,1.0,0.414,0.718,0.847,0.38,0.421,0.399,0.405,0.375,0.387,0.4,0.406,0.423,0.422,0.422,0.406,0.721,0.473,0.433,0.675,0.406,0.0,0.402,0.395,0.618,0.373,0.416,0.671,0.402,0.7,0.386,0.408,0.718,0.727,0.417,0.396,0.395,0.646,0.46
0.451,0.6,0.364,0.405,0.691,0.605,0.519,0.409,0.452,0.408,0.738,0.414,1.0,0.403,0.41,0.529,0.611,0.697,0.712,0.517,0.714,0.772,0.762,0.631,0.598,0.611,0.728,0.417,0.457,0.477,0.382,0.69,0.0,0.746,0.627,0.401,0.518,0.726,0.402,0.749,0.399,0.607,0.722,0.396,0.394,0.393,0.598,0.598,0.402,0.441
0.411,0.388,0.318,0.766,0.412,0.393,0.368,0.687,0.41,0.706,0.411,0.718,0.403,1.0,0.756,0.37,0.405,0.394,0.39,0.366,0.362,0.384,0.384,0.396,0.394,0.396,0.394,0.733,0.453,0.407,0.7,0.393,0.0,0.372,0.38,0.624,0.365,0.402,0.672,0.384,0.738,0.376,0.388,0.703,0.705,0.399,0.369,0.37,0.666,0.438
0.419,0.404,0.324,0.754,0.423,0.4,0.363,0.686,0.425,0.689,0.412,0.847,0.41,0.756,1.0,0.365,0.418,0.393,0.393,0.362,0.375,0.398,0.394,0.408,0.403,0.409,0.4,0.726,0.461,0.428,0.698,0.387,0.0,0.387,0.39,0.626,0.361,0.414,0.663,0.398,0.725,0.376,0.399,0.701,0.703,0.419,0.394,0.395,0.66,0.474
0.454,0.534,0.352,0.381,0.548,0.562,0.958,0.395,0.466,0.372,0.523,0.38,0.529,0.37,0.365,1.0,0.519,0.565,0.557,0.956,0.556,0.543,0.565,0.546,0.537,0.535,0.531,0.38,0.432,0.451,0.364,0.519,0.0,0.536,0.518,0.405,0.955,0.526,0.386,0.539,0.365,0.519,0.528,0.384,0.386,0.375,0.513,0.513,0.362,0.435
0.462,0.683,0.352,0.417,0.618,0.693,0.512,0.411,0.439,0.405,0.611,0.421,0.611,0.405,0.418,0.519,1.0,0.594,0.587,0.509,0.57,0.592,0.605,0.746,0.72,0.743,0.584,0.422,0.449,0.445,0.383,0.601,0.0,0.591,0.703,0.411,0.508,0.58,0.407,0.583,0.4,0.656,0.588,0.406,0.415,0.387,0.664,0.665,0.395,0.443
0.474,0.598,0.369,0.398,0.666,0.627,0.563,0.421,0.457,0.384,0.672,0.399,0.697,0.394,0.393,0.565,0.594,1.0,0.756,0.561,0.722,0.731,0.747,0.617,0.61,0.604,0.709,0.414,0.451,0.46,0.38,0.683,0.0,0.702,0.589,0.429,0.558,0.681,0.413,0.716,0.384,0.624,0.695,0.413,0.416,0.392,0.602,0.602,0.381,0.459
0.473,0.6,0.368,0.401,0.656,0.617,0.549,0.427,0.454,0.387,0.663,0.405,0.712,0.39,0.393,0.557,0.587,0.756,1.0,0.546,0.706,0.734,0.734,0.612,0.604,0.593,0.72,0.413,0.456,0.462,0.387,0.687,0.0,0.69,0.593,0.422,0.548,0.689,0.407,0.723,0.393,0.619,0.693,0.408,0.407,0.399,0.598,0.598,0.391,0.454
0.445,0.533,0.346,0.377,0.534,0.549,0.985,0.389,0.46,0.364,0.509,0.375,0.517,0.366,0.362,0.956,0.509,0.561,0.546,1.0,0.552,0.537,0.559,0.539,0.53,0.526,0.524,0.374,0.427,0.44,0.361,0.53,0.0,0.526,0.507,0.4,0.991,0.517,0.381,0.532,0.362,0.509,0.522,0.378,0.378,0.376,0.516,0.516,0.351,0.433
0.458,0.584,0.35,0.377,0.664,0.589,0.557,0.394,0.441,0.371,0.656,0.387,0.714,0.362,0.375,0.556,0.57,0.722,0.706,0.552,1.0,0.727,0.748,0.586,0.577,0.588,0.703,0.39,0.419,0.45,0.359,0.711,0.0,0.72,0.572,0.401,0.555,0.692,0.385,0.713,0.366,0.6,0.702,0.392,0.392,0.397,0.61,0.61,0.367,0.433
0.455,0.59,0.358,0.393,0.67,0.599,0.54,0.408,0.446,0.379,0.691,0.4,0.772,0.384,0.398,0.543,0.592,0.731,0.734,0.537,0.727,1.0,0.926,0.614,0.604,0.596,0.724,0.4,0.445,0.453,0.365,0.702,0.0,0.858,0.59,0.407,0.539,0.719,0.397,0.744,0.376,0.603,0.724,0.392,0.391,0.383,0.594,0.594,0.386,0.443
0.474,0.605,0.359,0.407,0.663,0.62,0.564,0.412,0.456,0.38,0.676,0.406,0.762,0.384,0.394,0.565,0.605,0.747,0.734,0.559,0.748,0.926,1.0,0.615,0.612,0.603,0.733,0.4,0.448,0.447,0.367,0.722,0.0,0.865,0.589,0.419,0.561,0.721,0.403,0.741,0.378,0.615,0.724,0.403,0.406,0.389,0.6,0.6,0.385,0.448
0.478,0.8,0.353,0.417,0.647,0.792,0.541,0.43,0.448,0.403,0.631,0.423,0.631,0.396,0.408,0.546,0.746,0.617,0.612,0.539,0.586,0.614,0.615,1.0,0.821,0.744,0.606,0.418,0.455,0.46,0.39,0.592,0.0,0.604,0.799,0.411,0.537,0.608,0.402,0.611,0.402,0.691,0.605,0.408,0.419,0.386,0.677,0.675,0.397,0.433
0.462,0.795,0.352,0.414,0.638,0.806,0.53,0.424,0.438,0.396,0.601,0.422,0.598,0.394,0.403,0.537,0.72,0.61,0.604,0.53,0.577,0.604,0.612,0.821,1.0,0.745,0.594,0.413,0.445,0.44,0.384,0.601,0.0,0.589,0.775,0.397,0.531,0.611,0.401,0.599,0.391,0.674,0.609,0.426,0.413,0.387,0.668,0.668,0.408,0.434
0.467,0.718,0.353,0.41,0.625,0.699,0.529,0.416,0.443,0.41,0.611,0.422,0.611,0.396,0.409,0.535,0.743,0.604,0.593,0.526,0.588,0.596,0.603,0.744,0.745,1.0,0.589,0.415,0.449,0.446,0.391,0.591,0.0,0.589,0.699,0.413,0.525,0.593,0.401,0.61,0.401,0.679,0.591,0.428,0.414,0.385,0.685,0.685,0.412,0.444
0.474,0.597,0.359,0.396,0.679,0.599,0.525,0.413,0.469,0.383,0.679,0.406,0.728,0.394,0.4,0.531,0.584,0.709,0.72,0.524,0.703,0.724,0.733,0.606,0.594,0.589,1.0,0.406,0.455,0.466,0.385,0.712,0.0,0.705,0.583,0.406,0.522,0.807,0.387,0.756,0.387,0.609,0.824,0.408,0.405,0.405,0.6,0.6,0.392,0.459
0.439,0.415,0.332,0.743,0.431,0.414,0.376,0.895,0.423,0.713,0.417,0.721,0.417,0.733,0.726,0.38,0.422,0.414,0.413,0.374,0.39,0.4,0.4,0.418,0.413,0.415,0.406,1.0,0.47,0.434,0.696,0.412,0.0,0.393,0.404,0.617,0.375,0.43,0.671,0.404,0.733,0.392,0.411,0.951,0.93,0.407,0.393,0.393,0.665,0.46
0.506,0.444,0.378,0.456,0.474,0.46,0.428,0.475,0.503,0.443,0.449,0.473,0.457,0.453,0.461,0.432,0.449,0.451,0.456,0.427,0.419,0.445,0.448,0.455,0.445,0.449,0.455,0.47,1.0,0.501,0.436,0.446,0.0,0.441,0.428,0.458,0.426,0.468,0.451,0.451,0.447,0.43,0.45,0.459,0.464,0.538,0.426,0.426,0.436,0.823
0.562,0.448,0.385,0.426,0.482,0.446,0.442,0.437,0.607,0.423,0.475,0.433,0.477,0.407,0.428,0.451,0.445,0.46,0.462,0.44,0.45,0.453,0.447,0.46,0.44,0.446,0.466,0.434,0.501,1.0,0.409,0.441,0.0,0.436,0.441,0.43,0.44,0.464,0.404,0.477,0.419,0.446,0.472,0.426,0.421,0.446,0.437,0.437,0.42,0.511
0.405,0.395,0.311,0.708,0.396,0.391,0.362,0.694,0.41,0.713,0.378,0.675,0.382,0.7,0.698,0.364,0.383,0.38,0.387,0.361,0.359,0.365,0.367,0.39,0.384,0.391,0.385,0.696,0.436,0.409,1.0,0.38,0.0,0.368,0.369,0.62,0.36,0.393,0.659,0.389,0.89,0.377,0.381,0.697,0.699,0.399,0.376,0.376,0.642,0.431
0.462,0.602,0.358,0.411,0.662,0.607,0.53,0.412,0.458,0.384,0.642,0.406,0.69,0.393,0.387,0.519,0.601,0.683,0.687,0.53,0.711,0.702,0.722,0.592,0.601,0.591,0.712,0.412,0.446,0.441,0.38,1.0,0.0,0.698,0.565,0.408,0.529,0.714,0.407,0.722,0.382,0.612,0.722,0.413,0.416,0.406,0.611,0.611,0.39,0.439
0.0,0.0,0.0,0.0,0.0,0.0,0.0,0.0,0.0,0.0,0.0,0.0,0.0,0.0,0.0,0.0,0.0,0.0,0.0,0.0,0.0,0.0,0.0,0.0,0.0,0.0,0.0,0.0,0.0,0.0,0.0,0.0,1.0,0.0,0.0,0.0,0.0,0.0,0.0,0.0,0.0,0.0,0.0,0.0,0.0,0.0,0.0,0.0,0.0,0.0
0.46,0.595,0.36,0.387,0.656,0.614,0.529,0.408,0.45,0.379,0.657,0.402,0.746,0.372,0.387,0.536,0.591,0.702,0.69,0.526,0.72,0.858,0.865,0.604,0.589,0.589,0.705,0.393,0.441,0.436,0.368,0.698,0.0,1.0,0.578,0.422,0.528,0.707,0.404,0.721,0.367,0.607,0.713,0.395,0.397,0.389,0.604,0.604,0.382,0.439
0.449,0.734,0.335,0.398,0.622,0.751,0.51,0.393,0.425,0.4,0.642,0.395,0.627,0.38,0.39,0.518,0.703,0.589,0.593,0.507,0.572,0.59,0.589,0.799,0.775,0.699,0.583,0.404,0.428,0.441,0.369,0.565,0.0,0.578,1.0,0.389,0.508,0.588,0.385,0.596,0.38,0.66,0.589,0.389,0.391,0.37,0.643,0.641,0.379,0.416
0.416,0.392,0.324,0.641,0.41,0.409,0.401,0.612,0.422,0.625,0.404,0.618,0.401,0.624,0.626,0.405,0.411,0.429,0.422,0.4,0.401,0.407,0.419,0.411,0.397,0.413,0.406,0.617,0.458,0.43,0.62,0.408,0.0,0.422,0.389,1.0,0.398,0.395,0.648,0.415,0.631,0.392,0.403,0.609,0.609,0.402,0.383,0.383,0.61,0.448
0.445,0.533,0.346,0.376,0.535,0.549,0.985,0.39,0.459,0.364,0.51,0.373,0.518,0.365,0.361,0.955,0.508,0.558,0.548,0.991,0.555,0.539,0.561,0.537,0.531,0.525,0.522,0.375,0.426,0.44,0.36,0.529,0.0,0.528,0.508,0.398,1.0,0.516,0.38,0.532,0.361,0.51,0.521,0.378,0.378,0.375,0.515,0.515,0.351,0.432
0.483,0.617,0.365,0.406,0.69,0.617,0.518,0.439,0.462,0.393,0.665,0.416,0.726,0.402,0.414,0.526,0.58,0.681,0.689,0.517,0.692,0.719,0.721,0.608,0.611,0.593,0.807,0.43,0.468,0.464,0.393,0.714,0.0,0.707,0.588,0.395,0.516,1.0,0.4,0.748,0.397,0.61,0.855,0.429,0.415,0.401,0.622,0.621,0.407,0.458
0.407,0.389,0.327,0.67,0.413,0.414,0.383,0.677,0.409,0.661,0.405,0.671,0.402,0.672,0.663,0.386,0.407,0.413,0.407,0.381,0.385,0.397,0.403,0.402,0.401,0.401,0.387,0.671,0.451,0.404,0.659,0.407,0.0,0.404,0.385,0.648,0.38,0.4,1.0,0.403,0.663,0.378,0.398,0.667,0.674,0.396,0.386,0.386,0.631,0.435
0.467,0.606,0.371,0.393,0.71,0.613,0.532,0.416,0.46,0.391,0.708,0.402,0.749,0.384,0.398,0.539,0.583,0.716,0.723,0.532,0.713,0.744,0.741,0.611,0.599,0.61,0.756,0.404,0.451,0.477,0.389,0.722,0.0,0.721,0.596,0.415,0.532,0.748,0.403,1.0,0.393,0.62,0.758,0.402,0.401,0.409,0.619,0.619,0.385,0.466
0.413,0.4,0.319,0.739,0.412,0.393,0.363,0.697,0.415,0.726,0.398,0.7,0.399,0.738,0.725,0.365,0.4,0.384,0.393,0.362,0.366,0.376,0.378,0.402,0.391,0.401,0.387,0.733,0.447,0.419,0.89,0.382,0.0,0.367,0.38,0.631,0.361,0.397,0.663,0.393,1.0,0.381,0.383,0.718,0.713,0.4,0.375,0.376,0.661,0.436
0.457,0.683,0.34,0.388,0.62,0.685,0.513,0.4,0.451,0.383,0.614,0.386,0.607,0.376,0.376,0.519,0.656,0.624,0.619,0.509,0.6,0.603,0.615,0.691,0.674,0.679,0.609,0.392,0.43,0.446,0.377,0.612,0.0,0.607,0.66,0.392,0.51,0.61,0.378,0.62,0.381,1.0,0.629,0.397,0.393,0.389,0.705,0.704,0.382,0.436
0.473,0.608,0.379,0.397,0.688,0.618,0.522,0.417,0.479,0.388,0.67,0.408,0.722,0.388,0.399,0.528,0.588,0.695,0.693,0.522,0.702,0.724,0.724,0.605,0.609,0.591,0.824,0.411,0.45,0.472,0.381,0.722,0.0,0.713,0.589,0.403,0.521,0.855,0.398,0.758,0.383,0.629,1.0,0.41,0.406,0.403,0.623,0.623,0.396,0.463
0.447,0.434,0.34,0.723,0.418,0.418,0.381,0.889,0.427,0.692,0.396,0.718,0.396,0.703,0.701,0.384,0.406,0.413,0.408,0.378,0.392,0.392,0.403,0.408,0.426,0.428,0.408,0.951,0.459,0.426,0.697,0.413,0.0,0.395,0.389,0.609,0.378,0.429,0.667,0.402,0.718,0.397,0.41,1.0,0.953,0.412,0.395,0.395,0.664,0.457
0.454,0.44,0.333,0.727,0.416,0.416,0.381,0.871,0.421,0.698,0.397,0.727,0.394,0.705,0.703,0.386,0.415,0.416,0.407,0.378,0.392,0.391,0.406,0.419,0.413,0.414,0.405,0.93,0.464,0.421,0.699,0.416,0.0,0.397,0.391,0.609,0.378,0.415,0.674,0.401,0.713,0.393,0.406,0.953,1.0,0.411,0.398,0.398,0.651,0.453
0.437,0.403,0.334,0.414,0.408,0.396,0.376,0.409,0.455,0.391,0.395,0.417,0.393,0.399,0.419,0.375,0.387,0.392,0.399,0.376,0.397,0.383,0.389,0.386,0.387,0.385,0.405,0.407,0.538,0.446,0.399,0.406,0.0,0.389,0.37,0.402,0.375,0.401,0.396,0.409,0.4,0.389,0.403,0.412,0.411,1.0,0.43,0.432,0.398,0.588
0.457,0.692,0.366,0.385,0.625,0.68,0.516,0.397,0.443,0.378,0.589,0.396,0.598,0.369,0.394,0.513,0.664,0.602,0.598,0.516,0.61,0.594,0.6,0.677,0.668,0.685,0.6,0.393,0.426,0.437,0.376,0.611,0.0,0.604,0.643,0.383,0.515,0.622,0.386,0.619,0.375,0.705,0.623,0.395,0.398,0.43,1.0,0.996,0.369,0.444
0.456,0.691,0.366,0.386,0.625,0.681,0.516,0.396,0.443,0.378,0.589,0.395,0.598,0.37,0.395,0.513,0.665,0.602,0.598,0.516,0.61,0.594,0.6,0.675,0.668,0.685,0.6,0.393,0.426,0.437,0.376,0.611,0.0,0.604,0.641,0.383,0.515,0.621,0.386,0.619,0.376,0.704,0.623,0.395,0.398,0.432,0.996,1.0,0.369,0.446
0.412,0.405,0.341,0.672,0.409,0.394,0.353,0.643,0.403,0.669,0.401,0.646,0.402,0.666,0.66,0.362,0.395,0.381,0.391,0.351,0.367,0.386,0.385,0.397,0.408,0.412,0.392,0.665,0.436,0.42,0.642,0.39,0.0,0.382,0.379,0.61,0.351,0.407,0.631,0.385,0.661,0.382,0.396,0.664,0.651,0.398,0.369,0.369,1.0,0.424
0.518,0.434,0.394,0.452,0.462,0.455,0.434,0.466,0.52,0.431,0.445,0.46,0.441,0.438,0.474,0.435,0.443,0.459,0.454,0.433,0.433,0.443,0.448,0.433,0.434,0.444,0.459,0.46,0.823,0.511,0.431,0.439,0.0,0.439,0.416,0.448,0.432,0.458,0.435,0.466,0.436,0.436,0.463,0.457,0.453,0.588,0.444,0.446,0.424,1.0
