GCF_000163235.1_ASM16323v1_genomic.fna,GCF_000164555.1_ASM16455v1_genomic.fna,GCF_000208545.1_ASM20854v2_genomic.fna,GCF_000233875.1_ASM23387v1_genomic.fna,GCF_000249735.1_ASM24973v2_genomic.fna,GCF_000261145.1_Esch_coli_M919_V2_genomic.fna,GCF_000267705.2_ASM26770v2_genomic.fna,GCF_000350665.1_Esch_coli_KTE5_V1_genomic.fna,GCF_000351625.1_Esch_coli_KTE66_V1_genomic.fna,GCF_000352285.1_Esch_coli_KTE46_V1_genomic.fna,GCF_000358895.1_ASM35889v1_genomic.fna,GCF_000456385.1_Esch_coli_HVH_26_4-5703913_V1_genomic.fna,GCF_000458195.1_Esch_coli_HVH_147_4-5893887_V1_genomic.fna,GCF_000459755.1_Esch_coli_KOEGE_58_171a_V1_genomic.fna,GCF_000460055.1_Esch_coli_UMEA_3053-1_V1_genomic.fna,GCF_000462165.2_ASM46216v2_genomic.fna,GCF_000601135.1_ASM60113v1_genomic.fna,GCF_000614595.1_Ec2010EL1058_genomic.fna,GCF_000617745.1_Ec2010C-4529_genomic.fna,GCF_000618265.2_EcF6751_genomic.fna,GCF_000619005.2_Ec2009C-4052_genomic.fna,GCF_000619105.1_Ec2009C-4780_genomic.fna,GCF_000619765.2_Ec2009C-3279_genomic.fna,GCF_000687005.1_ASM68700v1_genomic.fna,GCF_000687025.1_ASM68702v1_genomic.fna,GCF_000700125.1_ASM70012v1_genomic.fna,GCF_000753315.1_FHI35_genomic.fna,GCF_000776375.1_ASM77637v1_genomic.fna,GCF_000779395.1_ASM77939v1_genomic.fna,GCF_000780315.1_ASM78031v1_genomic.fna,GCF_000781995.1_ASM78199v1_genomic.fna,GCF_000986765.1_ASM98676v1_genomic.fna,GCF_001041375.1_ViralProj287958_genomic.fna,GCF_001265335.1_302014_genomic.fna,GCF_001265625.1_100854_genomic.fna,GCF_001267345.1_303289_genomic.fna,GCF_001309985.1_ASM130998v1_genomic.fna,GCF_001521695.1_ASM152169v1_genomic.fna,GCF_001592595.1_ASM159259v1_genomic.fna,GCF_001614975.1_ASM161497v1_genomic.fna,GCF_001692775.1_ASM169277v1_genomic.fna,GCF_001748915.1_ASM174891v1_genomic.fna,GCF_001749235.1_ASM174923v1_genomic.fna,GCF_001881155.1_ASM188115v1_genomic.fna,GCF_001881345.1_ASM188134v1_genomic.fna,GCF_001892405.1_ASM189240v1_genomic.fna,GCF_001892585.1_ASM189258v1_genomic.fna,GCF_001893985.1_ASM189398v1_genomic.fna,GCF_002001595.1_ASM200159v1_genomic.fna,GCF_002002145.1_ASM200214v1_genomic.fna
1.0,0.471,0.388,0.442,0.465,0.468,0.471,0.434,0.581,0.459,0.465,0.452,0.488,0.433,0.424,0.479,0.479,0.472,0.471,0.467,0.458,0.474,0.487,0.496,0.469,0.462,0.477,0.446,0.493,0.552,0.409,0.472,0.0,0.48,0.465,0.424,0.468,0.479,0.435,0.488,0.428,0.455,0.483,0.435,0.442,0.459,0.462,0.462,0.431,0.499
0.471,1.0,0.348,0.394,0.638,0.777,0.518,0.417,0.434,0.415,0.586,0.435,0.597,0.396,0.405,0.517,0.694,0.603,0.587,0.515,0.577,0.584,0.594,0.786,0.808,0.682,0.589,0.415,0.424,0.431,0.405,0.611,0.0,0.596,0.74,0.386,0.514,0.637,0.406,0.599,0.412,0.69,0.611,0.422,0.426,0.4,0.692,0.694,0.411,0.415
0.388,0.348,1.0,0.321,0.353,0.334,0.329,0.315,0.358,0.324,0.344,0.328,0.35,0.327,0.325,0.33,0.355,0.346,0.331,0.329,0.334,0.349,0.355,0.341,0.338,0.333,0.345,0.316,0.35,0.354,0.312,0.358,0.0,0.354,0.327,0.32,0.329,0.348,0.328,0.343,0.325,0.337,0.356,0.312,0.311,0.335,0.34,0.34,0.322,0.358
0.442,0.394,0.321,1.0,0.414,0.399,0.392,0.714,0.432,0.74,0.398,0.722,0.414,0.759,0.76,0.396,0.398,0.399,0.404,0.389,0.384,0.402,0.412,0.393,0.396,0.403,0.401,0.753,0.453,0.421,0.717,0.414,0.0,0.406,0.383,0.64,0.391,0.413,0.677,0.404,0.743,0.392,0.407,0.738,0.736,0.426,0.394,0.394,0.661,0.462
0.465,0.638,0.353,0.414,1.0,0.651,0.534,0.417,0.455,0.427,0.762,0.428,0.694,0.415,0.422,0.536,0.643,0.651,0.664,0.533,0.682,0.669,0.681,0.65,0.651,0.627,0.701,0.417,0.441,0.441,0.413,0.702,0.0,0.679,0.632,0.409,0.533,0.72,0.423,0.714,0.426,0.647,0.721,0.405,0.411,0.413,0.665,0.664,0.42,0.427
0.468,0.777,0.334,0.399,0.651,1.0,0.542,0.404,0.447,0.408,0.612,0.404,0.628,0.403,0.396,0.542,0.703,0.614,0.615,0.539,0.612,0.626,0.638,0.811,0.821,0.694,0.62,0.399,0.444,0.436,0.387,0.633,0.0,0.637,0.777,0.408,0.538,0.638,0.416,0.628,0.403,0.708,0.631,0.389,0.392,0.388,0.701,0.7,0.403,0.436
0.471,0.518,0.329,0.392,0.534,0.542,1.0,0.389,0.462,0.397,0.51,0.39,0.537,0.388,0.387,0.94,0.539,0.555,0.56,0.978,0.575,0.579,0.592,0.564,0.537,0.534,0.537,0.394,0.415,0.443,0.378,0.537,0.0,0.56,0.531,0.409,0.984,0.522,0.408,0.543,0.389,0.529,0.544,0.383,0.39,0.39,0.52,0.519,0.386,0.425
0.434,0.417,0.315,0.714,0.417,0.404,0.389,1.0,0.419,0.702,0.371,0.713,0.401,0.701,0.703,0.386,0.395,0.403,0.392,0.385,0.379,0.386,0.399,0.411,0.407,0.401,0.391,0.914,0.448,0.411,0.713,0.411,0.0,0.393,0.37,0.616,0.387,0.435,0.692,0.399,0.716,0.399,0.407,0.918,0.904,0.434,0.404,0.406,0.624,0.442
0.581,0.434,0.358,0.432,0.455,0.447,0.462,0.419,1.0,0.448,0.45,0.426,0.462,0.436,0.429,0.472,0.463,0.437,0.444,0.462,0.423,0.466,0.475,0.457,0.436,0.448,0.47,0.433,0.476,0.581,0.412,0.442,0.0,0.461,0.443,0.434,0.462,0.45,0.438,0.467,0.425,0.449,0.473,0.419,0.421,0.446,0.447,0.448,0.415,0.491
0.459,0.415,0.324,0.74,0.427,0.408,0.397,0.702,0.448,1.0,0.407,0.697,0.429,0.726,0.699,0.407,0.411,0.411,0.409,0.397,0.391,0.403,0.404,0.409,0.399,0.417,0.416,0.725,0.455,0.426,0.715,0.412,0.0,0.405,0.382,0.637,0.396,0.42,0.684,0.424,0.73,0.404,0.415,0.705,0.713,0.42,0.409,0.408,0.669,0.456
0.465,0.586,0.344,0.398,0.762,0.612,0.51,0.371,0.45,0.407,1.0,0.391,0.734,0.404,0.383,0.524,0.61,0.643,0.671,0.512,0.663,0.691,0.677,0.623,0.591,0.617,0.689,0.387,0.447,0.464,0.375,0.66,0.0,0.667,0.659,0.398,0.511,0.673,0.393,0.71,0.386,0.618,0.701,0.374,0.378,0.398,0.615,0.613,0.421,0.457
0.452,0.435,0.328,0.722,0.428,0.404,0.39,0.713,0.426,0.697,0.391,1.0,0.407,0.714,0.858,0.389,0.407,0.406,0.391,0.386,0.386,0.398,0.403,0.414,0.421,0.411,0.398,0.732,0.451,0.41,0.684,0.423,0.0,0.403,0.393,0.602,0.389,0.419,0.684,0.405,0.711,0.41,0.408,0.718,0.722,0.431,0.423,0.424,0.623,0.443
0.488,0.597,0.35,0.414,0.694,0.628,0.537,0.401,0.462,0.429,0.734,0.407,1.0,0.416,0.397,0.551,0.615,0.678,0.716,0.538,0.721,0.772,0.761,0.637,0.604,0.626,0.739,0.411,0.468,0.484,0.397,0.703,0.0,0.743,0.652,0.406,0.538,0.709,0.416,0.766,0.407,0.618,0.734,0.396,0.398,0.411,0.63,0.628,0.44,0.472
0.433,0.396,0.327,0.759,0.415,0.403,0.388,0.701,0.436,0.726,0.404,0.714,0.416,1.0,0.748,0.393,0.401,0.408,0.406,0.388,0.381,0.4,0.408,0.401,0.393,0.411,0.407,0.737,0.454,0.414,0.699,0.411,0.0,0.401,0.386,0.63,0.388,0.419,0.678,0.405,0.724,0.4,0.409,0.719,0.718,0.417,0.4,0.4,0.659,0.458
0.424,0.405,0.325,0.76,0.422,0.396,0.387,0.703,0.429,0.699,0.383,0.858,0.397,0.748,1.0,0.386,0.398,0.402,0.386,0.388,0.379,0.393,0.404,0.397,0.401,0.395,0.4,0.735,0.438,0.409,0.718,0.416,0.0,0.396,0.381,0.614,0.388,0.417,0.689,0.4,0.734,0.404,0.405,0.713,0.714,0.427,0.418,0.417,0.64,0.462
0.479,0.517,0.33,0.396,0.536,0.542,0.94,0.386,0.472,0.407,0.524,0.389,0.551,0.393,0.386,1.0,0.543,0.543,0.564,0.941,0.556,0.585,0.587,0.552,0.536,0.541,0.545,0.393,0.422,0.457,0.377,0.52,0.0,0.559,0.541,0.415,0.94,0.518,0.403,0.553,0.389,0.528,0.541,0.38,0.388,0.39,0.519,0.518,0.396,0.43
0.479,0.694,0.355,0.398,0.643,0.703,0.539,0.395,0.463,0.411,0.61,0.407,0.615,0.401,0.398,0.543,1.0,0.587,0.594,0.536,0.597,0.619,0.627,0.738,0.716,0.738,0.611,0.405,0.444,0.449,0.382,0.65,0.0,0.636,0.695,0.401,0.537,0.605,0.404,0.625,0.394,0.668,0.626,0.396,0.402,0.385,0.686,0.685,0.399,0.435
0.472,0.603,0.346,0.399,0.651,0.614,0.555,0.403,0.437,0.411,0.643,0.406,0.678,0.408,0.402,0.543,0.587,1.0,0.725,0.547,0.697,0.704,0.715,0.616,0.6,0.586,0.682,0.407,0.431,0.441,0.404,0.696,0.0,0.671,0.594,0.411,0.55,0.674,0.425,0.69,0.41,0.616,0.692,0.397,0.402,0.425,0.634,0.633,0.401,0.441
0.471,0.587,0.331,0.404,0.664,0.615,0.56,0.392,0.444,0.409,0.671,0.391,0.716,0.406,0.386,0.564,0.594,0.725,1.0,0.56,0.727,0.734,0.73,0.624,0.591,0.602,0.711,0.395,0.432,0.45,0.383,0.688,0.0,0.696,0.634,0.412,0.555,0.682,0.409,0.726,0.395,0.607,0.717,0.385,0.388,0.4,0.597,0.596,0.399,0.446
0.467,0.515,0.329,0.389,0.533,0.539,0.978,0.385,0.462,0.397,0.512,0.386,0.538,0.388,0.388,0.941,0.536,0.547,0.56,1.0,0.567,0.581,0.59,0.558,0.534,0.532,0.538,0.391,0.413,0.445,0.378,0.535,0.0,0.554,0.53,0.407,0.985,0.519,0.402,0.544,0.387,0.526,0.545,0.38,0.387,0.391,0.52,0.519,0.386,0.426
0.458,0.577,0.334,0.384,0.682,0.612,0.575,0.379,0.423,0.391,0.663,0.386,0.721,0.381,0.379,0.556,0.597,0.697,0.727,0.567,1.0,0.736,0.751,0.628,0.6,0.594,0.708,0.386,0.41,0.436,0.375,0.702,0.0,0.724,0.602,0.399,0.572,0.69,0.405,0.716,0.385,0.599,0.714,0.373,0.377,0.393,0.618,0.617,0.388,0.419
0.474,0.584,0.349,0.402,0.669,0.626,0.579,0.386,0.466,0.403,0.691,0.398,0.772,0.4,0.393,0.585,0.619,0.704,0.734,0.581,0.736,1.0,0.929,0.627,0.606,0.61,0.735,0.391,0.453,0.464,0.385,0.7,0.0,0.862,0.636,0.405,0.576,0.703,0.406,0.74,0.395,0.605,0.739,0.376,0.381,0.403,0.608,0.606,0.416,0.466
0.487,0.594,0.355,0.412,0.681,0.638,0.592,0.399,0.475,0.404,0.677,0.403,0.761,0.408,0.404,0.587,0.627,0.715,0.73,0.59,0.751,0.929,1.0,0.637,0.614,0.609,0.749,0.4,0.446,0.456,0.387,0.719,0.0,0.869,0.623,0.414,0.588,0.716,0.42,0.737,0.402,0.615,0.751,0.388,0.392,0.408,0.616,0.615,0.41,0.454
0.496,0.786,0.341,0.393,0.65,0.811,0.564,0.411,0.457,0.409,0.623,0.414,0.637,0.401,0.397,0.552,0.738,0.616,0.624,0.558,0.628,0.627,0.637,1.0,0.82,0.723,0.629,0.402,0.438,0.448,0.385,0.633,0.0,0.639,0.798,0.408,0.56,0.627,0.401,0.641,0.399,0.716,0.642,0.389,0.397,0.391,0.707,0.705,0.404,0.444
0.469,0.808,0.338,0.396,0.651,0.821,0.537,0.407,0.436,0.399,0.591,0.421,0.604,0.393,0.401,0.536,0.716,0.6,0.591,0.534,0.6,0.606,0.614,0.82,1.0,0.724,0.605,0.407,0.425,0.427,0.39,0.634,0.0,0.617,0.781,0.39,0.535,0.622,0.411,0.613,0.404,0.703,0.616,0.404,0.405,0.398,0.703,0.702,0.406,0.424
0.462,0.682,0.333,0.403,0.627,0.694,0.534,0.401,0.448,0.417,0.617,0.411,0.626,0.411,0.395,0.541,0.738,0.586,0.602,0.532,0.594,0.61,0.609,0.723,0.724,1.0,0.611,0.403,0.441,0.443,0.389,0.595,0.0,0.603,0.699,0.405,0.535,0.591,0.404,0.635,0.397,0.686,0.604,0.398,0.393,0.39,0.685,0.682,0.417,0.444
0.477,0.589,0.345,0.401,0.701,0.62,0.537,0.391,0.47,0.416,0.689,0.398,0.739,0.407,0.4,0.545,0.611,0.682,0.711,0.538,0.708,0.735,0.749,0.629,0.605,0.611,1.0,0.399,0.439,0.455,0.395,0.709,0.0,0.715,0.618,0.411,0.539,0.796,0.403,0.758,0.406,0.618,0.837,0.391,0.39,0.41,0.62,0.618,0.41,0.445
0.446,0.415,0.316,0.753,0.417,0.399,0.394,0.914,0.433,0.725,0.387,0.732,0.411,0.737,0.735,0.393,0.405,0.407,0.395,0.391,0.386,0.391,0.4,0.402,0.407,0.403,0.399,1.0,0.457,0.429,0.723,0.42,0.0,0.398,0.371,0.635,0.393,0.437,0.706,0.401,0.747,0.403,0.407,0.964,0.949,0.434,0.41,0.41,0.647,0.45
0.493,0.424,0.35,0.453,0.441,0.444,0.415,0.448,0.476,0.455,0.447,0.451,0.468,0.454,0.438,0.422,0.444,0.431,0.432,0.413,0.41,0.453,0.446,0.438,0.425,0.441,0.439,0.457,1.0,0.474,0.441,0.44,0.0,0.445,0.445,0.451,0.413,0.431,0.437,0.444,0.446,0.415,0.433,0.439,0.443,0.546,0.412,0.412,0.451,0.825
0.552,0.431,0.354,0.421,0.441,0.436,0.443,0.411,0.581,0.426,0.464,0.41,0.484,0.414,0.409,0.457,0.449,0.441,0.45,0.445,0.436,0.464,0.456,0.448,0.427,0.443,0.455,0.429,0.474,1.0,0.398,0.433,0.0,0.453,0.446,0.417,0.445,0.439,0.417,0.47,0.411,0.427,0.465,0.413,0.415,0.463,0.446,0.447,0.421,0.504
0.409,0.405,0.312,0.717,0.413,0.387,0.378,0.713,0.412,0.715,0.375,0.684,0.397,0.699,0.718,0.377,0.382,0.404,0.383,0.378,0.375,0.385,0.387,0.385,0.39,0.389,0.395,0.723,0.441,0.398,1.0,0.402,0.0,0.386,0.364,0.6,0.378,0.409,0.672,0.39,0.894,0.395,0.399,0.713,0.713,0.428,0.4,0.4,0.617,0.439
0.472,0.611,0.358,0.414,0.702,0.633,0.537,0.411,0.442,0.412,0.66,0.423,0.703,0.411,0.416,0.52,0.65,0.696,0.688,0.535,0.702,0.7,0.719,0.633,0.634,0.595,0.709,0.42,0.44,0.433,0.402,1.0,0.0,0.7,0.599,0.4,0.534,0.733,0.419,0.717,0.414,0.626,0.725,0.408,0.411,0.408,0.637,0.635,0.398,0.428
0.0,0.0,0.0,0.0,0.0,0.0,0.0,0.0,0.0,0.0,0.0,0.0,0.0,0.0,0.0,0.0,0.0,0.0,0.0,0.0,0.0,0.0,0.0,0.0,0.0,0.0,0.0,0.0,0.0,0.0,0.0,0.0,1.0,0.0,0.0,0.0,0.0,0.0,0.0,0.0,0.0,0.0,0.0,0.0,0.0,0.0,0.0,0.0,0.0,0.0
0.48,0.596,0.354,0.406,0.679,0.637,0.56,0.393,0.461,0.405,0.667,0.403,0.743,0.401,0.396,0.559,0.636,0.671,0.696,0.554,0.724,0.862,0.869,0.639,0.617,0.603,0.715,0.398,0.445,0.453,0.386,0.7,0.0,1.0,0.618,0.415,0.558,0.699,0.413,0.723,0.399,0.614,0.733,0.386,0.392,0.404,0.613,0.612,0.404,0.447
0.465,0.74,0.327,0.383,0.632,0.777,0.531,0.37,0.443,0.382,0.659,0.393,0.652,0.386,0.381,0.541,0.695,0.594,0.634,0.53,0.602,0.636,0.623,0.798,0.781,0.699,0.618,0.371,0.445,0.446,0.364,0.599,0.0,0.618,1.0,0.392,0.531,0.595,0.38,0.638,0.373,0.674,0.624,0.358,0.365,0.375,0.673,0.672,0.398,0.452
0.424,0.386,0.32,0.64,0.409,0.408,0.409,0.616,0.434,0.637,0.398,0.602,0.406,0.63,0.614,0.415,0.401,0.411,0.412,0.407,0.399,0.405,0.414,0.408,0.39,0.405,0.411,0.635,0.451,0.417,0.6,0.4,0.0,0.415,0.392,1.0,0.408,0.403,0.626,0.414,0.61,0.396,0.41,0.615,0.62,0.409,0.397,0.396,0.593,0.453
0.468,0.514,0.329,0.391,0.533,0.538,0.984,0.387,0.462,0.396,0.511,0.389,0.538,0.388,0.388,0.94,0.537,0.55,0.555,0.985,0.572,0.576,0.588,0.56,0.535,0.535,0.539,0.393,0.413,0.445,0.378,0.534,0.0,0.558,0.531,0.408,1.0,0.519,0.404,0.544,0.387,0.525,0.545,0.382,0.389,0.391,0.52,0.519,0.386,0.426
0.479,0.637,0.348,0.413,0.72,0.638,0.522,0.435,0.45,0.42,0.673,0.419,0.709,0.419,0.417,0.518,0.605,0.674,0.682,0.519,0.69,0.703,0.716,0.627,0.622,0.591,0.796,0.437,0.431,0.439,0.409,0.733,0.0,0.699,0.595,0.403,0.519,1.0,0.423,0.73,0.421,0.643,0.847,0.427,0.416,0.411,0.649,0.647,0.416,0.435
0.435,0.406,0.328,0.677,0.423,0.416,0.408,0.692,0.438,0.684,0.393,0.684,0.416,0.678,0.689,0.403,0.404,0.425,0.409,0.402,0.405,0.406,0.42,0.401,0.411,0.404,0.403,0.706,0.437,0.417,0.672,0.419,0.0,0.413,0.38,0.626,0.404,0.423,1.0,0.408,0.679,0.422,0.418,0.69,0.697,0.415,0.418,0.417,0.621,0.429
0.488,0.599,0.343,0.404,0.714,0.628,0.543,0.399,0.467,0.424,0.71,0.405,0.766,0.405,0.4,0.553,0.625,0.69,0.726,0.544,0.716,0.74,0.737,0.641,0.613,0.635,0.758,0.401,0.444,0.47,0.39,0.717,0.0,0.723,0.638,0.414,0.544,0.73,0.408,1.0,0.407,0.615,0.761,0.387,0.394,0.416,0.657,0.657,0.408,0.463
0.428,0.412,0.325,0.743,0.426,0.403,0.389,0.716,0.425,0.73,0.386,0.711,0.407,0.724,0.734,0.389,0.394,0.41,0.395,0.387,0.385,0.395,0.402,0.399,0.404,0.397,0.406,0.747,0.446,0.411,0.894,0.414,0.0,0.399,0.373,0.61,0.387,0.421,0.679,0.407,1.0,0.415,0.41,0.732,0.729,0.431,0.41,0.41,0.634,0.45
0.455,0.69,0.337,0.392,0.647,0.708,0.529,0.399,0.449,0.404,0.618,0.41,0.618,0.4,0.404,0.528,0.668,0.616,0.607,0.526,0.599,0.605,0.615,0.716,0.703,0.686,0.618,0.403,0.415,0.427,0.395,0.626,0.0,0.614,0.674,0.396,0.525,0.643,0.422,0.615,0.415,1.0,0.663,0.391,0.393,0.396,0.727,0.725,0.401,0.426
0.483,0.611,0.356,0.407,0.721,0.631,0.544,0.407,0.473,0.415,0.701,0.408,0.734,0.409,0.405,0.541,0.626,0.692,0.717,0.545,0.714,0.739,0.751,0.642,0.616,0.604,0.837,0.407,0.433,0.465,0.399,0.725,0.0,0.733,0.624,0.41,0.545,0.847,0.418,0.761,0.41,0.663,1.0,0.398,0.401,0.412,0.644,0.643,0.411,0.446
0.435,0.422,0.312,0.738,0.405,0.389,0.383,0.918,0.419,0.705,0.374,0.718,0.396,0.719,0.713,0.38,0.396,0.397,0.385,0.38,0.373,0.376,0.388,0.389,0.404,0.398,0.391,0.964,0.439,0.413,0.713,0.408,0.0,0.386,0.358,0.615,0.382,0.427,0.69,0.387,0.732,0.391,0.398,1.0,0.962,0.439,0.4,0.402,0.639,0.434
0.442,0.426,0.311,0.736,0.411,0.392,0.39,0.904,0.421,0.713,0.378,0.722,0.398,0.718,0.714,0.388,0.402,0.402,0.388,0.387,0.377,0.381,0.392,0.397,0.405,0.393,0.39,0.949,0.443,0.415,0.713,0.411,0.0,0.392,0.365,0.62,0.389,0.416,0.697,0.394,0.729,0.393,0.401,0.962,1.0,0.44,0.407,0.408,0.635,0.438
0.459,0.4,0.335,0.426,0.413,0.388,0.39,0.434,0.446,0.42,0.398,0.431,0.411,0.417,0.427,0.39,0.385,0.425,0.4,0.391,0.393,0.403,0.408,0.391,0.398,0.39,0.41,0.434,0.546,0.463,0.428,0.408,0.0,0.404,0.375,0.409,0.391,0.411,0.415,0.416,0.431,0.396,0.412,0.439,0.44,1.0,0.43,0.434,0.42,0.597
0.462,0.692,0.34,0.394,0.665,0.701,0.52,0.404,0.447,0.409,0.615,0.423,0.63,0.4,0.418,0.519,0.686,0.634,0.597,0.52,0.618,0.608,0.616,0.707,0.703,0.685,0.62,0.41,0.412,0.446,0.4,0.637,0.0,0.613,0.673,0.397,0.52,0.649,0.418,0.657,0.41,0.727,0.644,0.4,0.407,0.43,1.0,0.994,0.404,0.443
0.462,0.694,0.34,0.394,0.664,0.7,0.519,0.406,0.448,0.408,0.613,0.424,0.628,0.4,0.417,0.518,0.685,0.633,0.596,0.519,0.617,0.606,0.615,0.705,0.702,0.682,0.618,0.41,0.412,0.447,0.4,0.635,0.0,0.612,0.672,0.396,0.519,0.647,0.417,0.657,0.41,0.725,0.643,0.402,0.408,0.434,0.994,1.0,0.403,0.444
0.431,0.411,0.322,0.661,0.42,0.403,0.386,0.624,0.415,0.669,0.421,0.623,0.44,0.659,0.64,0.396,0.399,0.401,0.399,0.386,0.388,0.416,0.41,0.404,0.406,0.417,0.41,0.647,0.451,0.421,0.617,0.398,0.0,0.404,0.398,0.593,0.386,0.416,0.621,0.408,0.634,0.401,0.411,0.639,0.635,0.42,0.404,0.403,1.0,0.455
0.499,0.415,0.358,0.462,0.427,0.436,0.425,0.442,0.491,0.456,0.457,0.443,0.472,0.458,0.462,0.43,0.435,0.441,0.446,0.426,0.419,0.466,0.454,0.444,0.424,0.444,0.445,0.45,0.825,0.504,0.439,0.428,0.0,0.447,0.452,0.453,0.426,0.435,0.429,0.463,0.45,0.426,0.446,0.434,0.438,0.597,0.443,0.444,0.455,1.0
