GCF_000163235.1_ASM16323v1_genomic.fna,GCF_000164555.1_ASM16455v1_genomic.fna,GCF_000208545.1_ASM20854v2_genomic.fna,GCF_000233875.1_ASM23387v1_genomic.fna,GCF_000249735.1_ASM24973v2_genomic.fna,GCF_000261145.1_Esch_coli_M919_V2_genomic.fna,GCF_000267705.2_ASM26770v2_genomic.fna,GCF_000350665.1_Esch_coli_KTE5_V1_genomic.fna,GCF_000351625.1_Esch_coli_KTE66_V1_genomic.fna,GCF_000352285.1_Esch_coli_KTE46_V1_genomic.fna,GCF_000358895.1_ASM35889v1_genomic.fna,GCF_000456385.1_Esch_coli_HVH_26_4-5703913_V1_genomic.fna,GCF_000458195.1_Esch_coli_HVH_147_4-5893887_V1_genomic.fna,GCF_000459755.1_Esch_coli_KOEGE_58_171a_V1_genomic.fna,GCF_000460055.1_Esch_coli_UMEA_3053-1_V1_genomic.fna,GCF_000462165.2_ASM46216v2_genomic.fna,GCF_000601135.1_ASM60113v1_genomic.fna,GCF_000614595.1_Ec2010EL1058_genomic.fna,GCF_000617745.1_Ec2010C-4529_genomic.fna,GCF_000618265.2_EcF6751_genomic.fna,GCF_000619005.2_Ec2009C-4052_genomic.fna,GCF_000619105.1_Ec2009C-4780_genomic.fna,GCF_000619765.2_Ec2009C-3279_genomic.fna,GCF_000687005.1_ASM68700v1_genomic.fna,GCF_000687025.1_ASM68702v1_genomic.fna,GCF_000700125.1_ASM70012v1_genomic.fna,GCF_000753315.1_FHI35_genomic.fna,GCF_000776375.1_ASM77637v1_genomic.fna,GCF_000779395.1_ASM77939v1_genomic.fna,GCF_000780315.1_ASM78031v1_genomic.fna,GCF_000781995.1_ASM78199v1_genomic.fna,GCF_000986765.1_ASM98676v1_genomic.fna,GCF_001041375.1_ViralProj287958_genomic.fna,GCF_001265335.1_302014_genomic.fna,GCF_001265625.1_100854_genomic.fna,GCF_001267345.1_303289_genomic.fna,GCF_001309985.1_ASM130998v1_genomic.fna,GCF_001521695.1_ASM152169v1_genomic.fna,GCF_001592595.1_ASM159259v1_genomic.fna,GCF_001614975.1_ASM161497v1_genomic.fna,GCF_001692775.1_ASM169277v1_genomic.fna,GCF_001748915.1_ASM174891v1_genomic.fna,GCF_001749235.1_ASM174923v1_genomic.fna,GCF_001881155.1_ASM188115v1_genomic.fna,GCF_001881345.1_ASM188134v1_genomic.fna,GCF_001892405.1_ASM189240v1_genomic.fna,GCF_001892585.1_ASM189258v1_genomic.fna,GCF_001893985.1_ASM189398v1_genomic.fna,GCF_002001595.1_ASM200159v1_genomic.fna,GCF_002002145.1_ASM200214v1_genomic.fna
1.0,0.557,0.483,0.511,0.575,0.55,0.538,0.52,0.666,0.523,0.556,0.52,0.566,0.498,0.496,0.548,0.549,0.553,0.565,0.536,0.536,0.561,0.559,0.561,0.54,0.539,0.572,0.51,0.571,0.666,0.496,0.544,0.0,0.57,0.526,0.514,0.535,0.584,0.481,0.568,0.5,0.545,0.58,0.513,0.516,0.528,0.545,0.546,0.497,0.586
0.557,1.0,0.432,0.475,0.666,0.803,0.593,0.499,0.534,0.487,0.636,0.486,0.66,0.463,0.467,0.588,0.721,0.666,0.658,0.592,0.635,0.651,0.668,0.804,0.801,0.708,0.651,0.488,0.514,0.541,0.485,0.674,0.0,0.646,0.755,0.479,0.587,0.678,0.482,0.654,0.491,0.721,0.669,0.5,0.506,0.509,0.712,0.715,0.489,0.518
0.483,0.432,1.0,0.397,0.424,0.422,0.415,0.412,0.462,0.399,0.407,0.399,0.425,0.404,0.391,0.424,0.422,0.422,0.423,0.412,0.417,0.425,0.424,0.423,0.419,0.406,0.425,0.407,0.457,0.477,0.399,0.428,0.0,0.421,0.396,0.406,0.413,0.43,0.398,0.427,0.41,0.425,0.434,0.415,0.411,0.433,0.427,0.428,0.408,0.461
0.511,0.475,0.397,1.0,0.492,0.466,0.441,0.717,0.485,0.768,0.493,0.761,0.488,0.796,0.789,0.453,0.466,0.467,0.463,0.439,0.453,0.474,0.465,0.495,0.473,0.481,0.495,0.784,0.519,0.496,0.735,0.463,0.0,0.474,0.481,0.662,0.44,0.482,0.667,0.479,0.752,0.468,0.482,0.758,0.751,0.488,0.466,0.466,0.704,0.523
0.575,0.666,0.424,0.492,1.0,0.679,0.583,0.515,0.549,0.508,0.779,0.508,0.742,0.5,0.505,0.599,0.675,0.707,0.712,0.578,0.698,0.718,0.704,0.68,0.673,0.656,0.723,0.504,0.549,0.562,0.498,0.711,0.0,0.728,0.653,0.496,0.579,0.754,0.482,0.742,0.512,0.694,0.76,0.506,0.509,0.489,0.699,0.701,0.5,0.534
0.55,0.803,0.422,0.466,0.679,1.0,0.604,0.5,0.534,0.476,0.639,0.475,0.654,0.466,0.465,0.608,0.711,0.672,0.668,0.6,0.646,0.657,0.654,0.8,0.803,0.695,0.649,0.479,0.523,0.542,0.475,0.66,0.0,0.661,0.764,0.492,0.597,0.671,0.493,0.658,0.484,0.73,0.672,0.484,0.49,0.498,0.719,0.721,0.478,0.534
0.538,0.593,0.415,0.441,0.583,0.604,1.0,0.469,0.516,0.453,0.571,0.46,0.579,0.448,0.45,0.957,0.584,0.635,0.625,0.984,0.615,0.623,0.642,0.586,0.577,0.571,0.594,0.458,0.497,0.523,0.454,0.584,0.0,0.598,0.571,0.481,0.989,0.58,0.477,0.582,0.457,0.594,0.601,0.462,0.464,0.475,0.575,0.575,0.457,0.507
0.52,0.499,0.412,0.717,0.515,0.5,0.469,1.0,0.488,0.729,0.476,0.724,0.491,0.719,0.712,0.478,0.479,0.492,0.484,0.467,0.465,0.491,0.487,0.5,0.488,0.469,0.49,0.893,0.523,0.495,0.733,0.487,0.0,0.479,0.457,0.649,0.468,0.526,0.703,0.49,0.736,0.49,0.503,0.899,0.885,0.511,0.475,0.476,0.682,0.518
0.666,0.534,0.462,0.485,0.549,0.534,0.516,0.488,1.0,0.504,0.543,0.49,0.55,0.489,0.49,0.525,0.539,0.54,0.539,0.515,0.52,0.542,0.535,0.551,0.533,0.533,0.564,0.498,0.546,0.677,0.488,0.526,0.0,0.544,0.516,0.51,0.515,0.559,0.472,0.556,0.491,0.551,0.575,0.495,0.491,0.526,0.532,0.533,0.499,0.57
0.523,0.487,0.399,0.768,0.508,0.476,0.453,0.729,0.504,1.0,0.508,0.744,0.506,0.762,0.753,0.466,0.475,0.48,0.47,0.453,0.456,0.48,0.469,0.499,0.473,0.489,0.495,0.766,0.523,0.5,0.751,0.473,0.0,0.485,0.471,0.666,0.452,0.499,0.686,0.492,0.757,0.475,0.494,0.746,0.743,0.485,0.47,0.47,0.717,0.517
0.556,0.636,0.407,0.493,0.779,0.639,0.571,0.476,0.543,0.508,1.0,0.491,0.748,0.499,0.492,0.584,0.635,0.701,0.696,0.565,0.679,0.707,0.691,0.675,0.634,0.668,0.725,0.495,0.528,0.549,0.469,0.679,0.0,0.703,0.676,0.494,0.566,0.714,0.467,0.744,0.479,0.663,0.733,0.48,0.477,0.47,0.647,0.647,0.497,0.531
0.52,0.486,0.399,0.761,0.508,0.475,0.46,0.724,0.49,0.744,0.491,1.0,0.499,0.769,0.873,0.47,0.481,0.48,0.465,0.455,0.464,0.478,0.472,0.511,0.48,0.49,0.5,0.754,0.532,0.504,0.718,0.471,0.0,0.482,0.474,0.675,0.457,0.5,0.685,0.496,0.736,0.479,0.498,0.744,0.74,0.487,0.481,0.481,0.703,0.522
0.566,0.66,0.425,0.488,0.742,0.654,0.579,0.491,0.55,0.506,0.748,0.499,1.0,0.486,0.497,0.591,0.645,0.733,0.74,0.577,0.734,0.779,0.763,0.68,0.635,0.65,0.8,0.495,0.546,0.574,0.475,0.721,0.0,0.777,0.65,0.491,0.578,0.776,0.472,0.804,0.48,0.679,0.784,0.484,0.478,0.485,0.681,0.68,0.495,0.551
0.498,0.463,0.404,0.796,0.5,0.466,0.448,0.719,0.489,0.762,0.499,0.769,0.486,1.0,0.813,0.461,0.466,0.473,0.46,0.446,0.445,0.47,0.461,0.486,0.457,0.478,0.491,0.78,0.541,0.5,0.743,0.461,0.0,0.466,0.468,0.673,0.447,0.488,0.679,0.484,0.754,0.466,0.483,0.756,0.743,0.499,0.458,0.458,0.726,0.529
0.496,0.467,0.391,0.789,0.505,0.465,0.45,0.712,0.49,0.753,0.492,0.873,0.497,0.813,1.0,0.461,0.47,0.473,0.459,0.447,0.458,0.474,0.467,0.489,0.463,0.479,0.497,0.763,0.521,0.496,0.745,0.469,0.0,0.47,0.471,0.681,0.446,0.491,0.696,0.492,0.755,0.466,0.494,0.745,0.735,0.495,0.473,0.473,0.723,0.527
0.548,0.588,0.424,0.453,0.599,0.608,0.957,0.478,0.525,0.466,0.584,0.47,0.591,0.461,0.461,1.0,0.596,0.635,0.633,0.954,0.615,0.631,0.627,0.593,0.59,0.581,0.604,0.469,0.507,0.54,0.465,0.573,0.0,0.605,0.578,0.488,0.958,0.595,0.468,0.595,0.471,0.608,0.612,0.474,0.476,0.478,0.586,0.586,0.475,0.519
0.549,0.721,0.422,0.466,0.675,0.711,0.584,0.479,0.539,0.475,0.635,0.481,0.645,0.466,0.47,0.596,1.0,0.656,0.654,0.581,0.638,0.666,0.65,0.756,0.735,0.743,0.659,0.479,0.516,0.54,0.468,0.681,0.0,0.672,0.694,0.486,0.582,0.66,0.464,0.653,0.47,0.705,0.673,0.485,0.489,0.474,0.708,0.708,0.475,0.514
0.553,0.666,0.422,0.467,0.707,0.672,0.635,0.492,0.54,0.48,0.701,0.48,0.733,0.473,0.473,0.635,0.656,1.0,0.777,0.63,0.746,0.767,0.763,0.664,0.645,0.647,0.74,0.479,0.519,0.554,0.479,0.714,0.0,0.728,0.637,0.511,0.63,0.725,0.49,0.731,0.482,0.694,0.745,0.484,0.487,0.495,0.673,0.675,0.474,0.541
0.565,0.658,0.423,0.463,0.712,0.668,0.625,0.484,0.539,0.47,0.696,0.465,0.74,0.46,0.459,0.633,0.654,0.777,1.0,0.623,0.763,0.781,0.765,0.662,0.644,0.636,0.745,0.464,0.523,0.551,0.469,0.721,0.0,0.737,0.638,0.495,0.621,0.732,0.479,0.726,0.472,0.679,0.751,0.468,0.469,0.491,0.665,0.666,0.463,0.538
0.536,0.592,0.412,0.439,0.578,0.6,0.984,0.467,0.515,0.453,0.565,0.455,0.577,0.446,0.447,0.954,0.581,0.63,0.623,1.0,0.611,0.622,0.64,0.582,0.579,0.569,0.591,0.457,0.493,0.522,0.453,0.583,0.0,0.594,0.565,0.478,0.986,0.578,0.474,0.581,0.456,0.589,0.598,0.461,0.462,0.475,0.572,0.572,0.457,0.504
0.536,0.635,0.417,0.453,0.698,0.646,0.615,0.465,0.52,0.456,0.679,0.464,0.734,0.445,0.458,0.615,0.638,0.746,0.763,0.611,1.0,0.771,0.769,0.648,0.63,0.636,0.74,0.458,0.499,0.541,0.454,0.714,0.0,0.746,0.622,0.489,0.612,0.721,0.464,0.732,0.459,0.652,0.736,0.466,0.469,0.483,0.657,0.658,0.457,0.517
0.561,0.651,0.425,0.474,0.718,0.657,0.623,0.491,0.542,0.48,0.707,0.478,0.779,0.47,0.474,0.631,0.666,0.767,0.781,0.622,0.771,1.0,0.922,0.658,0.647,0.633,0.764,0.478,0.514,0.55,0.473,0.744,0.0,0.87,0.629,0.494,0.62,0.763,0.482,0.759,0.48,0.675,0.778,0.48,0.48,0.486,0.669,0.671,0.474,0.535
0.559,0.668,0.424,0.465,0.704,0.654,0.642,0.487,0.535,0.469,0.691,0.472,0.763,0.461,0.467,0.627,0.65,0.763,0.765,0.64,0.769,0.922,1.0,0.649,0.634,0.623,0.76,0.471,0.505,0.537,0.469,0.763,0.0,0.85,0.623,0.496,0.636,0.747,0.494,0.741,0.474,0.664,0.759,0.475,0.477,0.494,0.649,0.651,0.462,0.519
0.561,0.804,0.423,0.495,0.68,0.8,0.586,0.5,0.551,0.499,0.675,0.511,0.68,0.486,0.489,0.593,0.756,0.664,0.662,0.582,0.648,0.658,0.649,1.0,0.817,0.754,0.685,0.502,0.534,0.569,0.476,0.654,0.0,0.664,0.811,0.5,0.582,0.663,0.463,0.671,0.486,0.741,0.675,0.493,0.497,0.486,0.718,0.718,0.496,0.536
0.54,0.801,0.419,0.473,0.673,0.803,0.577,0.488,0.533,0.473,0.634,0.48,0.635,0.457,0.463,0.59,0.735,0.645,0.644,0.579,0.63,0.647,0.634,0.817,1.0,0.737,0.643,0.485,0.517,0.538,0.47,0.657,0.0,0.65,0.778,0.479,0.577,0.652,0.465,0.639,0.477,0.721,0.658,0.498,0.497,0.487,0.709,0.71,0.491,0.517
0.539,0.708,0.406,0.481,0.656,0.695,0.571,0.469,0.533,0.489,0.668,0.49,0.65,0.478,0.479,0.581,0.743,0.647,0.636,0.569,0.636,0.633,0.623,0.754,0.737,1.0,0.652,0.489,0.529,0.543,0.459,0.631,0.0,0.639,0.731,0.478,0.572,0.634,0.453,0.659,0.463,0.699,0.637,0.484,0.478,0.474,0.69,0.692,0.499,0.527
0.572,0.651,0.425,0.495,0.723,0.649,0.594,0.49,0.564,0.495,0.725,0.5,0.8,0.491,0.497,0.604,0.659,0.74,0.745,0.591,0.74,0.764,0.76,0.685,0.643,0.652,1.0,0.498,0.543,0.576,0.476,0.73,0.0,0.76,0.653,0.496,0.595,0.836,0.465,0.793,0.48,0.672,0.847,0.493,0.488,0.498,0.671,0.669,0.495,0.555
0.51,0.488,0.407,0.784,0.504,0.479,0.458,0.893,0.498,0.766,0.495,0.754,0.495,0.78,0.763,0.469,0.479,0.479,0.464,0.457,0.458,0.478,0.471,0.502,0.485,0.489,0.498,1.0,0.533,0.504,0.737,0.478,0.0,0.478,0.476,0.661,0.457,0.511,0.683,0.494,0.752,0.476,0.496,0.96,0.93,0.499,0.477,0.477,0.72,0.526
0.571,0.514,0.457,0.519,0.549,0.523,0.497,0.523,0.546,0.523,0.528,0.532,0.546,0.541,0.521,0.507,0.516,0.519,0.523,0.493,0.499,0.514,0.505,0.534,0.517,0.529,0.543,0.533,1.0,0.578,0.514,0.514,0.0,0.525,0.5,0.521,0.495,0.54,0.501,0.548,0.513,0.52,0.54,0.522,0.522,0.587,0.513,0.514,0.516,0.843
0.666,0.541,0.477,0.496,0.562,0.542,0.523,0.495,0.677,0.5,0.549,0.504,0.574,0.5,0.496,0.54,0.54,0.554,0.551,0.522,0.541,0.55,0.537,0.569,0.538,0.543,0.576,0.504,0.578,1.0,0.484,0.524,0.0,0.551,0.533,0.51,0.524,0.568,0.485,0.58,0.491,0.556,0.568,0.497,0.494,0.529,0.549,0.549,0.503,0.594
0.496,0.485,0.399,0.735,0.498,0.475,0.454,0.733,0.488,0.751,0.469,0.718,0.475,0.743,0.745,0.465,0.468,0.479,0.469,0.453,0.454,0.473,0.469,0.476,0.47,0.459,0.476,0.737,0.514,0.484,1.0,0.479,0.0,0.465,0.442,0.663,0.453,0.491,0.692,0.483,0.91,0.472,0.483,0.739,0.739,0.491,0.461,0.462,0.686,0.511
0.544,0.674,0.428,0.463,0.711,0.66,0.584,0.487,0.526,0.473,0.679,0.471,0.721,0.461,0.469,0.573,0.681,0.714,0.721,0.583,0.714,0.744,0.763,0.654,0.657,0.631,0.73,0.478,0.514,0.524,0.479,1.0,0.0,0.724,0.615,0.47,0.579,0.749,0.476,0.733,0.482,0.667,0.755,0.481,0.487,0.492,0.681,0.681,0.462,0.512
0.0,0.0,0.0,0.0,0.0,0.0,0.0,0.0,0.0,0.0,0.0,0.0,0.0,0.0,0.0,0.0,0.0,0.0,0.0,0.0,0.0,0.0,0.0,0.0,0.0,0.0,0.0,0.0,0.0,0.0,0.0,0.0,1.0,0.0,0.0,0.0,0.0,0.0,0.0,0.0,0.0,0.0,0.0,0.0,0.0,0.0,0.0,0.0,0.0,0.0
0.57,0.646,0.421,0.474,0.728,0.661,0.598,0.479,0.544,0.485,0.703,0.482,0.777,0.466,0.47,0.605,0.672,0.728,0.737,0.594,0.746,0.87,0.85,0.664,0.65,0.639,0.76,0.478,0.525,0.551,0.465,0.724,0.0,1.0,0.637,0.511,0.593,0.752,0.475,0.752,0.469,0.665,0.779,0.481,0.479,0.476,0.666,0.665,0.468,0.531
0.526,0.755,0.396,0.481,0.653,0.764,0.571,0.457,0.516,0.471,0.676,0.474,0.65,0.468,0.471,0.578,0.694,0.637,0.638,0.565,0.622,0.629,0.623,0.811,0.778,0.731,0.653,0.476,0.5,0.533,0.442,0.615,0.0,0.637,1.0,0.473,0.565,0.628,0.453,0.644,0.446,0.7,0.643,0.459,0.459,0.458,0.684,0.683,0.473,0.507
0.514,0.479,0.406,0.662,0.496,0.492,0.481,0.649,0.51,0.666,0.494,0.675,0.491,0.673,0.681,0.488,0.486,0.511,0.495,0.478,0.489,0.494,0.496,0.5,0.479,0.478,0.496,0.661,0.521,0.51,0.663,0.47,0.0,0.511,0.473,1.0,0.475,0.497,0.661,0.502,0.671,0.49,0.505,0.664,0.661,0.502,0.478,0.478,0.657,0.528
0.535,0.587,0.413,0.44,0.579,0.597,0.989,0.468,0.515,0.452,0.566,0.457,0.578,0.447,0.446,0.958,0.582,0.63,0.621,0.986,0.612,0.62,0.636,0.582,0.577,0.572,0.595,0.457,0.495,0.524,0.453,0.579,0.0,0.593,0.565,0.475,1.0,0.581,0.47,0.581,0.453,0.588,0.597,0.461,0.461,0.474,0.573,0.573,0.457,0.505
0.584,0.678,0.43,0.482,0.754,0.671,0.58,0.526,0.559,0.499,0.714,0.5,0.776,0.488,0.491,0.595,0.66,0.725,0.732,0.578,0.721,0.763,0.747,0.663,0.652,0.634,0.836,0.511,0.54,0.568,0.491,0.749,0.0,0.752,0.628,0.497,0.581,1.0,0.482,0.778,0.501,0.685,0.87,0.515,0.502,0.508,0.692,0.692,0.495,0.541
0.481,0.482,0.398,0.667,0.482,0.493,0.477,0.703,0.472,0.686,0.467,0.685,0.472,0.679,0.696,0.468,0.464,0.49,0.479,0.474,0.464,0.482,0.494,0.463,0.465,0.453,0.465,0.683,0.501,0.485,0.692,0.476,0.0,0.475,0.453,0.661,0.47,0.482,1.0,0.476,0.702,0.474,0.479,0.691,0.699,0.499,0.461,0.463,0.655,0.493
0.568,0.654,0.427,0.479,0.742,0.658,0.582,0.49,0.556,0.492,0.744,0.496,0.804,0.484,0.492,0.595,0.653,0.731,0.726,0.581,0.732,0.759,0.741,0.671,0.639,0.659,0.793,0.494,0.548,0.58,0.483,0.733,0.0,0.752,0.644,0.502,0.581,0.778,0.476,1.0,0.488,0.673,0.792,0.486,0.483,0.504,0.693,0.692,0.497,0.569
0.5,0.491,0.41,0.752,0.512,0.484,0.457,0.736,0.491,0.757,0.479,0.736,0.48,0.754,0.755,0.471,0.47,0.482,0.472,0.456,0.459,0.48,0.474,0.486,0.477,0.463,0.48,0.752,0.513,0.491,0.91,0.482,0.0,0.469,0.446,0.671,0.453,0.501,0.702,0.488,1.0,0.48,0.489,0.757,0.759,0.49,0.464,0.465,0.695,0.514
0.545,0.721,0.425,0.468,0.694,0.73,0.594,0.49,0.551,0.475,0.663,0.479,0.679,0.466,0.466,0.608,0.705,0.694,0.679,0.589,0.652,0.675,0.664,0.741,0.721,0.699,0.672,0.476,0.52,0.556,0.472,0.667,0.0,0.665,0.7,0.49,0.588,0.685,0.474,0.673,0.48,1.0,0.71,0.481,0.481,0.48,0.75,0.753,0.475,0.527
0.58,0.669,0.434,0.482,0.76,0.672,0.601,0.503,0.575,0.494,0.733,0.498,0.784,0.483,0.494,0.612,0.673,0.745,0.751,0.598,0.736,0.778,0.759,0.675,0.658,0.637,0.847,0.496,0.54,0.568,0.483,0.755,0.0,0.779,0.643,0.505,0.597,0.87,0.479,0.792,0.489,0.71,1.0,0.501,0.499,0.506,0.694,0.694,0.492,0.546
0.513,0.5,0.415,0.758,0.506,0.484,0.462,0.899,0.495,0.746,0.48,0.744,0.484,0.756,0.745,0.474,0.485,0.484,0.468,0.461,0.466,0.48,0.475,0.493,0.498,0.484,0.493,0.96,0.522,0.497,0.739,0.481,0.0,0.481,0.459,0.664,0.461,0.515,0.691,0.486,0.757,0.481,0.501,1.0,0.951,0.509,0.48,0.48,0.71,0.515
0.516,0.506,0.411,0.751,0.509,0.49,0.464,0.885,0.491,0.743,0.477,0.74,0.478,0.743,0.735,0.476,0.489,0.487,0.469,0.462,0.469,0.48,0.477,0.497,0.497,0.478,0.488,0.93,0.522,0.494,0.739,0.487,0.0,0.479,0.459,0.661,0.461,0.502,0.699,0.483,0.759,0.481,0.499,0.951,1.0,0.509,0.487,0.488,0.7,0.516
0.528,0.509,0.433,0.488,0.489,0.498,0.475,0.511,0.526,0.485,0.47,0.487,0.485,0.499,0.495,0.478,0.474,0.495,0.491,0.475,0.483,0.486,0.494,0.486,0.487,0.474,0.498,0.499,0.587,0.529,0.491,0.492,0.0,0.476,0.458,0.502,0.474,0.508,0.499,0.504,0.49,0.48,0.506,0.509,0.509,1.0,0.503,0.504,0.503,0.642
0.545,0.712,0.427,0.466,0.699,0.719,0.575,0.475,0.532,0.47,0.647,0.481,0.681,0.458,0.473,0.586,0.708,0.673,0.665,0.572,0.657,0.669,0.649,0.718,0.709,0.69,0.671,0.477,0.513,0.549,0.461,0.681,0.0,0.666,0.684,0.478,0.573,0.692,0.461,0.693,0.464,0.75,0.694,0.48,0.487,0.503,1.0,0.996,0.468,0.527
0.546,0.715,0.428,0.466,0.701,0.721,0.575,0.476,0.533,0.47,0.647,0.481,0.68,0.458,0.473,0.586,0.708,0.675,0.666,0.572,0.658,0.671,0.651,0.718,0.71,0.692,0.669,0.477,0.514,0.549,0.462,0.681,0.0,0.665,0.683,0.478,0.573,0.692,0.463,0.692,0.465,0.753,0.694,0.48,0.488,0.504,0.996,1.0,0.469,0.528
0.497,0.489,0.408,0.704,0.5,0.478,0.457,0.682,0.499,0.717,0.497,0.703,0.495,0.726,0.723,0.475,0.475,0.474,0.463,0.457,0.457,0.474,0.462,0.496,0.491,0.499,0.495,0.72,0.516,0.503,0.686,0.462,0.0,0.468,0.473,0.657,0.457,0.495,0.655,0.497,0.695,0.475,0.492,0.71,0.7,0.503,0.468,0.469,1.0,0.516
0.586,0.518,0.461,0.523,0.534,0.534,0.507,0.518,0.57,0.517,0.531,0.522,0.551,0.529,0.527,0.519,0.514,0.541,0.538,0.504,0.517,0.535,0.519,0.536,0.517,0.527,0.555,0.526,0.843,0.594,0.511,0.512,0.0,0.531,0.507,0.528,0.505,0.541,0.493,0.569,0.514,0.527,0.546,0.515,0.516,0.642,0.527,0.528,0.516,1.0
