GCF_000163235.1_ASM16323v1_genomic.fna,GCF_000164555.1_ASM16455v1_genomic.fna,GCF_000208545.1_ASM20854v2_genomic.fna,GCF_000233875.1_ASM23387v1_genomic.fna,GCF_000249735.1_ASM24973v2_genomic.fna,GCF_000261145.1_Esch_coli_M919_V2_genomic.fna,GCF_000267705.2_ASM26770v2_genomic.fna,GCF_000350665.1_Esch_coli_KTE5_V1_genomic.fna,GCF_000351625.1_Esch_coli_KTE66_V1_genomic.fna,GCF_000352285.1_Esch_coli_KTE46_V1_genomic.fna,GCF_000358895.1_ASM35889v1_genomic.fna,GCF_000456385.1_Esch_coli_HVH_26_4-5703913_V1_genomic.fna,GCF_000458195.1_Esch_coli_HVH_147_4-5893887_V1_genomic.fna,GCF_000459755.1_Esch_coli_KOEGE_58_171a_V1_genomic.fna,GCF_000460055.1_Esch_coli_UMEA_3053-1_V1_genomic.fna,GCF_000462165.2_ASM46216v2_genomic.fna,GCF_000601135.1_ASM60113v1_genomic.fna,GCF_000614595.1_Ec2010EL1058_genomic.fna,GCF_000617745.1_Ec2010C-4529_genomic.fna,GCF_000618265.2_EcF6751_genomic.fna,GCF_000619005.2_Ec2009C-4052_genomic.fna,GCF_000619105.1_Ec2009C-4780_genomic.fna,GCF_000619765.2_Ec2009C-3279_genomic.fna,GCF_000687005.1_ASM68700v1_genomic.fna,GCF_000687025.1_ASM68702v1_genomic.fna,GCF_000700125.1_ASM70012v1_genomic.fna,GCF_000753315.1_FHI35_genomic.fna,GCF_000776375.1_ASM77637v1_genomic.fna,GCF_000779395.1_ASM77939v1_genomic.fna,GCF_000780315.1_ASM78031v1_genomic.fna,GCF_000781995.1_ASM78199v1_genomic.fna,GCF_000986765.1_ASM98676v1_genomic.fna,GCF_001041375.1_ViralProj287958_genomic.fna,GCF_001265335.1_302014_genomic.fna,GCF_001265625.1_100854_genomic.fna,GCF_001267345.1_303289_genomic.fna,GCF_001309985.1_ASM130998v1_genomic.fna,GCF_001521695.1_ASM152169v1_genomic.fna,GCF_001592595.1_ASM159259v1_genomic.fna,GCF_001614975.1_ASM161497v1_genomic.fna,GCF_001692775.1_ASM169277v1_genomic.fna,GCF_001748915.1_ASM174891v1_genomic.fna,GCF_001749235.1_ASM174923v1_genomic.fna,GCF_001881155.1_ASM188115v1_genomic.fna,GCF_001881345.1_ASM188134v1_genomic.fna,GCF_001892405.1_ASM189240v1_genomic.fna,GCF_001892585.1_ASM189258v1_genomic.fna,GCF_001893985.1_ASM189398v1_genomic.fna,GCF_002001595.1_ASM200159v1_genomic.fna,GCF_002002145.1_ASM200214v1_genomic.fna
1.0,0.46,0.399,0.433,0.466,0.46,0.459,0.435,0.585,0.445,0.474,0.44,0.485,0.419,0.412,0.472,0.466,0.457,0.461,0.456,0.44,0.468,0.462,0.471,0.464,0.457,0.47,0.428,0.51,0.589,0.404,0.454,0.0,0.46,0.432,0.426,0.458,0.492,0.419,0.477,0.407,0.439,0.469,0.425,0.437,0.468,0.46,0.459,0.423,0.525
0.46,1.0,0.358,0.391,0.619,0.773,0.517,0.416,0.456,0.399,0.601,0.427,0.608,0.382,0.39,0.52,0.68,0.601,0.596,0.519,0.585,0.599,0.609,0.767,0.783,0.682,0.596,0.4,0.451,0.449,0.371,0.62,0.0,0.598,0.714,0.398,0.518,0.624,0.396,0.613,0.377,0.67,0.614,0.415,0.42,0.438,0.672,0.673,0.414,0.467
0.399,0.358,1.0,0.314,0.358,0.355,0.348,0.334,0.394,0.325,0.354,0.323,0.358,0.315,0.312,0.353,0.352,0.347,0.357,0.34,0.331,0.356,0.351,0.344,0.353,0.344,0.357,0.327,0.369,0.373,0.303,0.346,0.0,0.352,0.31,0.326,0.344,0.356,0.331,0.359,0.312,0.333,0.369,0.339,0.332,0.343,0.353,0.352,0.329,0.375
0.433,0.391,0.314,1.0,0.4,0.397,0.375,0.701,0.419,0.735,0.41,0.711,0.419,0.773,0.766,0.378,0.397,0.39,0.398,0.369,0.371,0.4,0.395,0.411,0.403,0.399,0.399,0.758,0.476,0.408,0.725,0.393,0.0,0.391,0.38,0.606,0.37,0.402,0.658,0.4,0.737,0.368,0.397,0.735,0.728,0.436,0.388,0.387,0.672,0.477
0.466,0.619,0.358,0.4,1.0,0.647,0.518,0.43,0.47,0.42,0.773,0.431,0.709,0.403,0.409,0.525,0.612,0.677,0.67,0.512,0.684,0.683,0.681,0.627,0.627,0.609,0.696,0.415,0.454,0.458,0.393,0.68,0.0,0.678,0.588,0.399,0.516,0.709,0.409,0.714,0.414,0.621,0.71,0.418,0.427,0.429,0.669,0.668,0.413,0.445
0.46,0.773,0.355,0.397,0.647,1.0,0.542,0.43,0.466,0.405,0.623,0.414,0.643,0.399,0.403,0.545,0.693,0.636,0.619,0.534,0.59,0.635,0.638,0.784,0.808,0.683,0.624,0.412,0.475,0.452,0.39,0.618,0.0,0.636,0.751,0.408,0.538,0.644,0.418,0.639,0.394,0.671,0.64,0.415,0.416,0.425,0.687,0.688,0.415,0.471
0.459,0.517,0.348,0.375,0.518,0.542,1.0,0.4,0.466,0.384,0.5,0.39,0.53,0.373,0.383,0.957,0.517,0.564,0.558,0.976,0.544,0.555,0.56,0.537,0.521,0.508,0.533,0.39,0.447,0.441,0.37,0.515,0.0,0.533,0.516,0.4,0.983,0.523,0.394,0.536,0.371,0.508,0.539,0.391,0.391,0.412,0.529,0.529,0.386,0.464
0.435,0.416,0.334,0.701,0.43,0.43,0.4,1.0,0.429,0.701,0.411,0.713,0.423,0.697,0.692,0.4,0.41,0.403,0.413,0.393,0.388,0.422,0.418,0.43,0.416,0.402,0.406,0.897,0.472,0.422,0.703,0.404,0.0,0.41,0.371,0.6,0.395,0.435,0.68,0.428,0.709,0.399,0.418,0.899,0.891,0.442,0.409,0.407,0.657,0.469
0.585,0.456,0.394,0.419,0.47,0.466,0.466,0.429,1.0,0.429,0.461,0.427,0.478,0.418,0.415,0.465,0.453,0.462,0.467,0.461,0.44,0.473,0.466,0.465,0.454,0.446,0.468,0.419,0.488,0.6,0.406,0.458,0.0,0.47,0.437,0.42,0.463,0.467,0.424,0.483,0.406,0.461,0.473,0.421,0.422,0.464,0.473,0.473,0.41,0.512
0.445,0.399,0.325,0.735,0.42,0.405,0.384,0.701,0.429,1.0,0.442,0.69,0.435,0.743,0.715,0.39,0.409,0.394,0.399,0.378,0.373,0.404,0.398,0.423,0.405,0.412,0.401,0.726,0.482,0.418,0.731,0.39,0.0,0.398,0.395,0.625,0.381,0.417,0.676,0.412,0.723,0.381,0.396,0.703,0.708,0.431,0.393,0.392,0.669,0.462
0.474,0.601,0.354,0.41,0.773,0.623,0.5,0.411,0.461,0.442,1.0,0.405,0.751,0.422,0.407,0.509,0.626,0.677,0.658,0.492,0.661,0.691,0.681,0.649,0.617,0.626,0.707,0.418,0.464,0.466,0.393,0.667,0.0,0.667,0.642,0.418,0.496,0.697,0.401,0.709,0.394,0.614,0.704,0.401,0.406,0.411,0.621,0.62,0.419,0.456
0.44,0.427,0.323,0.711,0.431,0.414,0.39,0.713,0.427,0.69,0.405,1.0,0.417,0.712,0.838,0.392,0.404,0.398,0.408,0.383,0.387,0.413,0.405,0.416,0.411,0.402,0.401,0.717,0.477,0.421,0.673,0.403,0.0,0.414,0.377,0.596,0.384,0.417,0.677,0.415,0.7,0.389,0.412,0.723,0.728,0.442,0.413,0.412,0.639,0.478
0.485,0.608,0.358,0.419,0.709,0.643,0.53,0.423,0.478,0.435,0.751,0.417,1.0,0.422,0.417,0.538,0.627,0.702,0.707,0.522,0.709,0.779,0.769,0.656,0.624,0.635,0.767,0.433,0.47,0.48,0.4,0.708,0.0,0.758,0.619,0.422,0.525,0.746,0.42,0.769,0.401,0.614,0.75,0.419,0.416,0.435,0.636,0.635,0.421,0.465
0.419,0.382,0.315,0.773,0.403,0.399,0.373,0.697,0.418,0.743,0.422,0.712,0.422,1.0,0.76,0.377,0.398,0.385,0.397,0.368,0.369,0.397,0.391,0.414,0.401,0.4,0.395,0.75,0.473,0.406,0.714,0.383,0.0,0.387,0.387,0.599,0.369,0.406,0.662,0.394,0.725,0.377,0.397,0.725,0.716,0.429,0.386,0.385,0.665,0.468
0.412,0.39,0.312,0.766,0.409,0.403,0.383,0.692,0.415,0.715,0.407,0.838,0.417,0.76,1.0,0.386,0.407,0.388,0.4,0.377,0.369,0.404,0.398,0.4,0.408,0.396,0.404,0.738,0.477,0.414,0.722,0.39,0.0,0.395,0.378,0.609,0.379,0.407,0.675,0.408,0.728,0.375,0.397,0.718,0.711,0.436,0.396,0.395,0.666,0.492
0.472,0.52,0.353,0.378,0.525,0.545,0.957,0.4,0.465,0.39,0.509,0.392,0.538,0.377,0.386,1.0,0.528,0.556,0.561,0.948,0.529,0.553,0.552,0.542,0.53,0.517,0.536,0.394,0.453,0.449,0.373,0.507,0.0,0.533,0.521,0.404,0.952,0.532,0.397,0.538,0.377,0.515,0.542,0.391,0.394,0.414,0.534,0.534,0.394,0.467
0.466,0.68,0.352,0.397,0.612,0.693,0.517,0.41,0.453,0.409,0.626,0.404,0.627,0.398,0.407,0.528,1.0,0.591,0.591,0.509,0.569,0.605,0.596,0.742,0.722,0.746,0.611,0.413,0.474,0.446,0.378,0.614,0.0,0.61,0.679,0.42,0.511,0.606,0.399,0.607,0.38,0.653,0.62,0.401,0.413,0.404,0.664,0.664,0.411,0.46
0.457,0.601,0.347,0.39,0.677,0.636,0.564,0.403,0.462,0.394,0.677,0.398,0.702,0.385,0.388,0.556,0.591,1.0,0.751,0.558,0.7,0.737,0.726,0.617,0.602,0.597,0.708,0.394,0.433,0.45,0.381,0.672,0.0,0.696,0.58,0.4,0.56,0.683,0.393,0.691,0.38,0.616,0.697,0.4,0.399,0.412,0.623,0.623,0.385,0.441
0.461,0.596,0.357,0.398,0.67,0.619,0.558,0.413,0.467,0.399,0.658,0.408,0.707,0.397,0.4,0.561,0.591,0.751,1.0,0.549,0.718,0.728,0.724,0.603,0.595,0.587,0.714,0.406,0.434,0.463,0.392,0.674,0.0,0.69,0.579,0.416,0.554,0.696,0.409,0.712,0.395,0.612,0.704,0.406,0.409,0.418,0.617,0.616,0.399,0.441
0.456,0.519,0.34,0.369,0.512,0.534,0.976,0.393,0.461,0.378,0.492,0.383,0.522,0.368,0.377,0.948,0.509,0.558,0.549,1.0,0.545,0.544,0.557,0.529,0.517,0.502,0.526,0.384,0.438,0.435,0.364,0.514,0.0,0.532,0.508,0.392,0.985,0.516,0.386,0.529,0.365,0.51,0.532,0.384,0.385,0.413,0.525,0.526,0.381,0.455
0.44,0.585,0.331,0.371,0.684,0.59,0.544,0.388,0.44,0.373,0.661,0.387,0.709,0.369,0.369,0.529,0.569,0.7,0.718,0.545,1.0,0.73,0.754,0.575,0.572,0.565,0.706,0.382,0.411,0.433,0.367,0.719,0.0,0.711,0.562,0.396,0.542,0.691,0.386,0.714,0.375,0.592,0.708,0.384,0.386,0.421,0.61,0.61,0.373,0.425
0.468,0.599,0.356,0.4,0.683,0.635,0.555,0.422,0.473,0.404,0.691,0.413,0.779,0.397,0.404,0.553,0.605,0.737,0.728,0.544,0.73,1.0,0.923,0.61,0.608,0.601,0.738,0.415,0.439,0.453,0.391,0.711,0.0,0.868,0.592,0.41,0.551,0.723,0.419,0.75,0.395,0.608,0.739,0.417,0.417,0.422,0.625,0.624,0.401,0.454
0.462,0.609,0.351,0.395,0.681,0.638,0.56,0.418,0.466,0.398,0.681,0.405,0.769,0.391,0.398,0.552,0.596,0.726,0.724,0.557,0.754,0.923,1.0,0.604,0.599,0.587,0.735,0.411,0.433,0.446,0.387,0.729,0.0,0.863,0.585,0.409,0.555,0.709,0.413,0.737,0.39,0.608,0.723,0.411,0.413,0.423,0.621,0.621,0.394,0.439
0.471,0.767,0.344,0.411,0.627,0.784,0.537,0.43,0.465,0.423,0.649,0.416,0.656,0.414,0.4,0.542,0.742,0.617,0.603,0.529,0.575,0.61,0.604,1.0,0.804,0.739,0.629,0.415,0.476,0.45,0.385,0.612,0.0,0.608,0.793,0.412,0.53,0.627,0.393,0.629,0.386,0.681,0.624,0.402,0.412,0.409,0.677,0.677,0.407,0.468
0.464,0.783,0.353,0.403,0.627,0.808,0.521,0.416,0.454,0.405,0.617,0.411,0.624,0.401,0.408,0.53,0.722,0.602,0.595,0.517,0.572,0.608,0.599,0.804,1.0,0.723,0.622,0.413,0.467,0.44,0.381,0.614,0.0,0.602,0.772,0.405,0.52,0.636,0.404,0.617,0.387,0.674,0.63,0.418,0.414,0.413,0.679,0.679,0.427,0.465
0.457,0.682,0.344,0.399,0.609,0.683,0.508,0.402,0.446,0.412,0.626,0.402,0.635,0.4,0.396,0.517,0.746,0.597,0.587,0.502,0.565,0.601,0.587,0.739,0.723,1.0,0.615,0.405,0.466,0.441,0.37,0.594,0.0,0.589,0.696,0.393,0.505,0.618,0.382,0.617,0.373,0.657,0.608,0.406,0.397,0.409,0.676,0.675,0.411,0.451
0.47,0.596,0.357,0.399,0.696,0.624,0.533,0.406,0.468,0.401,0.707,0.401,0.767,0.395,0.404,0.536,0.611,0.708,0.714,0.526,0.706,0.738,0.735,0.629,0.622,0.615,1.0,0.398,0.456,0.463,0.394,0.715,0.0,0.72,0.599,0.407,0.528,0.827,0.396,0.774,0.396,0.614,0.84,0.397,0.393,0.428,0.615,0.614,0.398,0.457
0.428,0.4,0.327,0.758,0.415,0.412,0.39,0.897,0.419,0.726,0.418,0.717,0.433,0.75,0.738,0.394,0.413,0.394,0.406,0.384,0.382,0.415,0.411,0.415,0.413,0.405,0.398,1.0,0.475,0.418,0.718,0.397,0.0,0.397,0.381,0.619,0.386,0.417,0.676,0.407,0.735,0.389,0.402,0.956,0.942,0.436,0.4,0.399,0.687,0.466
0.51,0.451,0.369,0.476,0.454,0.475,0.447,0.472,0.488,0.482,0.464,0.477,0.47,0.473,0.477,0.453,0.474,0.433,0.434,0.438,0.411,0.439,0.433,0.476,0.467,0.466,0.456,0.475,1.0,0.501,0.451,0.441,0.0,0.435,0.456,0.456,0.44,0.454,0.472,0.464,0.446,0.431,0.448,0.456,0.459,0.554,0.45,0.45,0.465,0.817
0.589,0.449,0.373,0.408,0.458,0.452,0.441,0.422,0.6,0.418,0.466,0.421,0.48,0.406,0.414,0.449,0.446,0.45,0.463,0.435,0.433,0.453,0.446,0.45,0.44,0.441,0.463,0.418,0.501,1.0,0.399,0.443,0.0,0.445,0.432,0.42,0.437,0.465,0.409,0.475,0.406,0.434,0.461,0.41,0.407,0.459,0.456,0.457,0.412,0.515
0.404,0.371,0.303,0.725,0.393,0.39,0.37,0.703,0.406,0.731,0.393,0.673,0.4,0.714,0.722,0.373,0.378,0.381,0.392,0.364,0.367,0.391,0.387,0.385,0.381,0.37,0.394,0.718,0.451,0.399,1.0,0.38,0.0,0.385,0.353,0.602,0.366,0.4,0.663,0.39,0.893,0.372,0.386,0.707,0.7,0.413,0.375,0.374,0.657,0.445
0.454,0.62,0.346,0.393,0.68,0.618,0.515,0.404,0.458,0.39,0.667,0.403,0.708,0.383,0.39,0.507,0.614,0.672,0.674,0.514,0.719,0.711,0.729,0.612,0.614,0.594,0.715,0.397,0.441,0.443,0.38,1.0,0.0,0.705,0.57,0.401,0.515,0.716,0.409,0.733,0.381,0.615,0.729,0.398,0.404,0.426,0.627,0.628,0.389,0.431
0.0,0.0,0.0,0.0,0.0,0.0,0.0,0.0,0.0,0.0,0.0,0.0,0.0,0.0,0.0,0.0,0.0,0.0,0.0,0.0,0.0,0.0,0.0,0.0,0.0,0.0,0.0,0.0,0.0,0.0,0.0,0.0,1.0,0.0,0.0,0.0,0.0,0.0,0.0,0.0,0.0,0.0,0.0,0.0,0.0,0.0,0.0,0.0,0.0,0.0
0.46,0.598,0.352,0.391,0.678,0.636,0.533,0.41,0.47,0.398,0.667,0.414,0.758,0.387,0.395,0.533,0.61,0.696,0.69,0.532,0.711,0.868,0.863,0.608,0.602,0.589,0.72,0.397,0.435,0.445,0.385,0.705,0.0,1.0,0.586,0.418,0.534,0.709,0.412,0.726,0.385,0.597,0.724,0.399,0.406,0.416,0.623,0.623,0.39,0.442
0.432,0.714,0.31,0.38,0.588,0.751,0.516,0.371,0.437,0.395,0.642,0.377,0.619,0.387,0.378,0.521,0.679,0.58,0.579,0.508,0.562,0.592,0.585,0.793,0.772,0.696,0.599,0.381,0.456,0.432,0.353,0.57,0.0,0.586,1.0,0.379,0.511,0.591,0.366,0.594,0.355,0.64,0.594,0.365,0.371,0.395,0.636,0.634,0.374,0.448
0.426,0.398,0.326,0.606,0.399,0.408,0.4,0.6,0.42,0.625,0.418,0.596,0.422,0.599,0.609,0.404,0.42,0.4,0.416,0.392,0.396,0.41,0.409,0.412,0.405,0.393,0.407,0.619,0.456,0.42,0.602,0.401,0.0,0.418,0.379,1.0,0.395,0.405,0.637,0.417,0.606,0.388,0.407,0.602,0.607,0.416,0.397,0.396,0.615,0.471
0.458,0.518,0.344,0.37,0.516,0.538,0.983,0.395,0.463,0.381,0.496,0.384,0.525,0.369,0.379,0.952,0.511,0.56,0.554,0.985,0.542,0.551,0.555,0.53,0.52,0.505,0.528,0.386,0.44,0.437,0.366,0.515,0.0,0.534,0.511,0.395,1.0,0.519,0.39,0.532,0.367,0.509,0.535,0.386,0.387,0.412,0.527,0.528,0.383,0.457
0.492,0.624,0.356,0.402,0.709,0.644,0.523,0.435,0.467,0.417,0.697,0.417,0.746,0.406,0.407,0.532,0.606,0.683,0.696,0.516,0.691,0.723,0.709,0.627,0.636,0.618,0.827,0.417,0.454,0.465,0.4,0.716,0.0,0.709,0.591,0.405,0.519,1.0,0.409,0.77,0.402,0.607,0.852,0.418,0.41,0.421,0.629,0.627,0.42,0.455
0.419,0.396,0.331,0.658,0.409,0.418,0.394,0.68,0.424,0.676,0.401,0.677,0.42,0.662,0.675,0.397,0.399,0.393,0.409,0.386,0.386,0.419,0.413,0.393,0.404,0.382,0.396,0.676,0.472,0.409,0.663,0.409,0.0,0.412,0.366,0.637,0.39,0.409,1.0,0.417,0.675,0.386,0.404,0.683,0.687,0.432,0.397,0.396,0.638,0.464
0.477,0.613,0.359,0.4,0.714,0.639,0.536,0.428,0.483,0.412,0.709,0.415,0.769,0.394,0.408,0.538,0.607,0.691,0.712,0.529,0.714,0.75,0.737,0.629,0.617,0.617,0.774,0.407,0.464,0.475,0.39,0.733,0.0,0.726,0.594,0.417,0.532,0.77,0.417,1.0,0.395,0.623,0.774,0.405,0.408,0.434,0.64,0.638,0.401,0.481
0.407,0.377,0.312,0.737,0.414,0.394,0.371,0.709,0.406,0.723,0.394,0.7,0.401,0.725,0.728,0.377,0.38,0.38,0.395,0.365,0.375,0.395,0.39,0.386,0.387,0.373,0.396,0.735,0.446,0.406,0.893,0.381,0.0,0.385,0.355,0.606,0.367,0.402,0.675,0.395,1.0,0.381,0.387,0.734,0.729,0.421,0.384,0.383,0.661,0.443
0.439,0.67,0.333,0.368,0.621,0.671,0.508,0.399,0.461,0.381,0.614,0.389,0.614,0.377,0.375,0.515,0.653,0.616,0.612,0.51,0.592,0.608,0.608,0.681,0.674,0.657,0.614,0.389,0.431,0.434,0.372,0.615,0.0,0.597,0.64,0.388,0.509,0.607,0.386,0.623,0.381,1.0,0.64,0.392,0.395,0.411,0.697,0.698,0.385,0.441
0.469,0.614,0.369,0.397,0.71,0.64,0.539,0.418,0.473,0.396,0.704,0.412,0.75,0.397,0.397,0.542,0.62,0.697,0.704,0.532,0.708,0.739,0.723,0.624,0.63,0.608,0.84,0.402,0.448,0.461,0.386,0.729,0.0,0.724,0.594,0.407,0.535,0.852,0.404,0.774,0.387,0.64,1.0,0.403,0.4,0.422,0.626,0.625,0.406,0.458
0.425,0.415,0.339,0.735,0.418,0.415,0.391,0.899,0.421,0.703,0.401,0.723,0.419,0.725,0.718,0.391,0.401,0.4,0.406,0.384,0.384,0.417,0.411,0.402,0.418,0.406,0.397,0.956,0.456,0.41,0.707,0.398,0.0,0.399,0.365,0.602,0.386,0.418,0.683,0.405,0.734,0.392,0.403,1.0,0.956,0.444,0.405,0.404,0.687,0.459
0.437,0.42,0.332,0.728,0.427,0.416,0.391,0.891,0.422,0.708,0.406,0.728,0.416,0.716,0.711,0.394,0.413,0.399,0.409,0.385,0.386,0.417,0.413,0.412,0.414,0.397,0.393,0.942,0.459,0.407,0.7,0.404,0.0,0.406,0.371,0.607,0.387,0.41,0.687,0.408,0.729,0.395,0.4,0.956,1.0,0.443,0.409,0.408,0.671,0.459
0.468,0.438,0.343,0.436,0.429,0.425,0.412,0.442,0.464,0.431,0.411,0.442,0.435,0.429,0.436,0.414,0.404,0.412,0.418,0.413,0.421,0.422,0.423,0.409,0.413,0.409,0.428,0.436,0.554,0.459,0.413,0.426,0.0,0.416,0.395,0.416,0.412,0.421,0.432,0.434,0.421,0.411,0.422,0.444,0.443,1.0,0.444,0.443,0.424,0.62
0.46,0.672,0.353,0.388,0.669,0.687,0.529,0.409,0.473,0.393,0.621,0.413,0.636,0.386,0.396,0.534,0.664,0.623,0.617,0.525,0.61,0.625,0.621,0.677,0.679,0.676,0.615,0.4,0.45,0.456,0.375,0.627,0.0,0.623,0.636,0.397,0.527,0.629,0.397,0.64,0.384,0.697,0.626,0.405,0.409,0.444,1.0,0.997,0.398,0.464
0.459,0.673,0.352,0.387,0.668,0.688,0.529,0.407,0.473,0.392,0.62,0.412,0.635,0.385,0.395,0.534,0.664,0.623,0.616,0.526,0.61,0.624,0.621,0.677,0.679,0.675,0.614,0.399,0.45,0.457,0.374,0.628,0.0,0.623,0.634,0.396,0.528,0.627,0.396,0.638,0.383,0.698,0.625,0.404,0.408,0.443,0.997,1.0,0.397,0.464
0.423,0.414,0.329,0.672,0.413,0.415,0.386,0.657,0.41,0.669,0.419,0.639,0.421,0.665,0.666,0.394,0.411,0.385,0.399,0.381,0.373,0.401,0.394,0.407,0.427,0.411,0.398,0.687,0.465,0.412,0.657,0.389,0.0,0.39,0.374,0.615,0.383,0.42,0.638,0.401,0.661,0.385,0.406,0.687,0.671,0.424,0.398,0.397,1.0,0.462
0.525,0.467,0.375,0.477,0.445,0.471,0.464,0.469,0.512,0.462,0.456,0.478,0.465,0.468,0.492,0.467,0.46,0.441,0.441,0.455,0.425,0.454,0.439,0.468,0.465,0.451,0.457,0.466,0.817,0.515,0.445,0.431,0.0,0.442,0.448,0.471,0.457,0.455,0.464,0.481,0.443,0.441,0.458,0.459,0.459,0.62,0.464,0.464,0.462,1.0
