GCF_000163235.1_ASM16323v1_genomic.fna,GCF_000164555.1_ASM16455v1_genomic.fna,GCF_000208545.1_ASM20854v2_genomic.fna,GCF_000233875.1_ASM23387v1_genomic.fna,GCF_000249735.1_ASM24973v2_genomic.fna,GCF_000261145.1_Esch_coli_M919_V2_genomic.fna,GCF_000267705.2_ASM26770v2_genomic.fna,GCF_000350665.1_Esch_coli_KTE5_V1_genomic.fna,GCF_000351625.1_Esch_coli_KTE66_V1_genomic.fna,GCF_000352285.1_Esch_coli_KTE46_V1_genomic.fna,GCF_000358895.1_ASM35889v1_genomic.fna,GCF_000456385.1_Esch_coli_HVH_26_4-5703913_V1_genomic.fna,GCF_000458195.1_Esch_coli_HVH_147_4-5893887_V1_genomic.fna,GCF_000459755.1_Esch_coli_KOEGE_58_171a_V1_genomic.fna,GCF_000460055.1_Esch_coli_UMEA_3053-1_V1_genomic.fna,GCF_000462165.2_ASM46216v2_genomic.fna,GCF_000601135.1_ASM60113v1_genomic.fna,GCF_000614595.1_Ec2010EL1058_genomic.fna,GCF_000617745.1_Ec2010C-4529_genomic.fna,GCF_000618265.2_EcF6751_genomic.fna,GCF_000619005.2_Ec2009C-4052_genomic.fna,GCF_000619105.1_Ec2009C-4780_genomic.fna,GCF_000619765.2_Ec2009C-3279_genomic.fna,GCF_000687005.1_ASM68700v1_genomic.fna,GCF_000687025.1_ASM68702v1_genomic.fna,GCF_000700125.1_ASM70012v1_genomic.fna,GCF_000753315.1_FHI35_genomic.fna,GCF_000776375.1_ASM77637v1_genomic.fna,GCF_000779395.1_ASM77939v1_genomic.fna,GCF_000780315.1_ASM78031v1_genomic.fna,GCF_000781995.1_ASM78199v1_genomic.fna,GCF_000986765.1_ASM98676v1_genomic.fna,GCF_001041375.1_ViralProj287958_genomic.fna,GCF_001265335.1_302014_genomic.fna,GCF_001265625.1_100854_genomic.fna,GCF_001267345.1_303289_genomic.fna,GCF_001309985.1_ASM130998v1_genomic.fna,GCF_001521695.1_ASM152169v1_genomic.fna,GCF_001592595.1_ASM159259v1_genomic.fna,GCF_001614975.1_ASM161497v1_genomic.fna,GCF_001692775.1_ASM169277v1_genomic.fna,GCF_001748915.1_ASM174891v1_genomic.fna,GCF_001749235.1_ASM174923v1_genomic.fna,GCF_001881155.1_ASM188115v1_genomic.fna,GCF_001881345.1_ASM188134v1_genomic.fna,GCF_001892405.1_ASM189240v1_genomic.fna,GCF_001892585.1_ASM189258v1_genomic.fna,GCF_001893985.1_ASM189398v1_genomic.fna,GCF_002001595.1_ASM200159v1_genomic.fna,GCF_002002145.1_ASM200214v1_genomic.fna
1.0,0.473,0.367,0.42,0.467,0.439,0.438,0.421,0.569,0.422,0.456,0.444,0.444,0.408,0.408,0.435,0.441,0.443,0.456,0.434,0.432,0.444,0.455,0.442,0.422,0.437,0.434,0.423,0.501,0.564,0.397,0.459,0.0,0.443,0.404,0.421,0.435,0.452,0.416,0.453,0.403,0.429,0.444,0.42,0.441,0.461,0.437,0.437,0.409,0.502
0.473,1.0,0.326,0.415,0.642,0.785,0.502,0.418,0.438,0.415,0.604,0.43,0.607,0.407,0.405,0.502,0.698,0.603,0.602,0.497,0.582,0.591,0.601,0.799,0.794,0.711,0.591,0.411,0.437,0.437,0.387,0.615,0.0,0.59,0.735,0.396,0.497,0.625,0.41,0.617,0.394,0.657,0.609,0.425,0.431,0.391,0.675,0.677,0.422,0.442
0.367,0.326,1.0,0.294,0.324,0.307,0.303,0.293,0.357,0.298,0.314,0.306,0.313,0.294,0.299,0.303,0.318,0.312,0.313,0.301,0.308,0.305,0.31,0.31,0.303,0.319,0.313,0.29,0.356,0.34,0.287,0.306,0.0,0.314,0.289,0.305,0.301,0.302,0.3,0.314,0.296,0.307,0.319,0.294,0.294,0.324,0.32,0.32,0.303,0.365
0.42,0.415,0.294,1.0,0.418,0.408,0.381,0.698,0.415,0.714,0.412,0.718,0.421,0.759,0.744,0.39,0.387,0.411,0.413,0.378,0.4,0.41,0.412,0.403,0.406,0.396,0.414,0.738,0.448,0.416,0.705,0.424,0.0,0.391,0.365,0.622,0.381,0.419,0.666,0.415,0.72,0.39,0.413,0.731,0.718,0.422,0.393,0.393,0.665,0.457
0.467,0.642,0.324,0.418,1.0,0.635,0.532,0.435,0.466,0.429,0.765,0.439,0.712,0.427,0.426,0.53,0.612,0.666,0.674,0.529,0.679,0.674,0.679,0.627,0.622,0.607,0.679,0.417,0.467,0.463,0.415,0.677,0.0,0.666,0.584,0.424,0.529,0.686,0.442,0.715,0.418,0.636,0.691,0.418,0.428,0.412,0.638,0.64,0.423,0.463
0.439,0.785,0.307,0.408,0.635,1.0,0.531,0.422,0.432,0.395,0.608,0.409,0.613,0.415,0.407,0.531,0.69,0.607,0.598,0.527,0.589,0.589,0.597,0.792,0.796,0.696,0.584,0.4,0.45,0.435,0.387,0.6,0.0,0.588,0.747,0.415,0.527,0.601,0.429,0.618,0.385,0.655,0.604,0.403,0.407,0.393,0.66,0.661,0.404,0.448
0.438,0.502,0.303,0.381,0.532,0.531,1.0,0.381,0.439,0.372,0.512,0.384,0.523,0.386,0.377,0.944,0.502,0.544,0.525,0.985,0.541,0.54,0.558,0.517,0.505,0.509,0.522,0.369,0.43,0.427,0.376,0.512,0.0,0.531,0.487,0.408,0.983,0.507,0.402,0.519,0.371,0.508,0.514,0.376,0.379,0.376,0.494,0.495,0.37,0.436
0.421,0.418,0.293,0.698,0.435,0.422,0.381,1.0,0.408,0.69,0.411,0.675,0.42,0.692,0.682,0.39,0.389,0.416,0.41,0.378,0.397,0.419,0.413,0.421,0.411,0.388,0.404,0.891,0.448,0.416,0.684,0.411,0.0,0.401,0.366,0.608,0.38,0.436,0.658,0.424,0.684,0.394,0.417,0.898,0.878,0.424,0.393,0.394,0.644,0.447
0.569,0.438,0.357,0.415,0.466,0.432,0.439,0.408,1.0,0.407,0.448,0.409,0.452,0.412,0.406,0.435,0.426,0.445,0.44,0.437,0.43,0.444,0.455,0.43,0.417,0.427,0.442,0.412,0.506,0.599,0.4,0.446,0.0,0.442,0.399,0.433,0.437,0.439,0.426,0.466,0.401,0.433,0.444,0.412,0.414,0.455,0.436,0.437,0.401,0.509
0.422,0.415,0.298,0.714,0.429,0.395,0.372,0.69,0.407,1.0,0.432,0.702,0.437,0.719,0.714,0.382,0.383,0.417,0.403,0.37,0.389,0.406,0.4,0.402,0.398,0.401,0.403,0.714,0.45,0.411,0.734,0.389,0.0,0.391,0.384,0.628,0.372,0.419,0.691,0.411,0.726,0.374,0.404,0.69,0.693,0.403,0.38,0.38,0.681,0.447
0.456,0.604,0.314,0.412,0.765,0.608,0.512,0.411,0.448,0.432,1.0,0.4,0.764,0.424,0.401,0.524,0.585,0.691,0.671,0.511,0.68,0.683,0.672,0.637,0.605,0.627,0.691,0.42,0.45,0.458,0.386,0.665,0.0,0.658,0.619,0.412,0.513,0.7,0.412,0.719,0.383,0.599,0.694,0.404,0.402,0.39,0.601,0.601,0.403,0.457
0.444,0.43,0.306,0.718,0.439,0.409,0.384,0.675,0.409,0.702,0.4,1.0,0.412,0.714,0.854,0.386,0.398,0.399,0.406,0.382,0.408,0.41,0.411,0.402,0.4,0.391,0.404,0.689,0.464,0.402,0.686,0.416,0.0,0.403,0.36,0.613,0.386,0.428,0.689,0.415,0.71,0.384,0.41,0.693,0.703,0.411,0.396,0.397,0.643,0.456
0.444,0.607,0.313,0.421,0.712,0.613,0.523,0.42,0.452,0.437,0.764,0.412,1.0,0.428,0.408,0.536,0.592,0.723,0.711,0.523,0.723,0.761,0.75,0.641,0.61,0.625,0.75,0.424,0.45,0.474,0.399,0.702,0.0,0.742,0.591,0.416,0.525,0.736,0.429,0.764,0.395,0.605,0.734,0.408,0.403,0.397,0.616,0.614,0.414,0.464
0.408,0.407,0.294,0.759,0.427,0.415,0.386,0.692,0.412,0.719,0.424,0.714,0.428,1.0,0.746,0.395,0.386,0.426,0.405,0.384,0.394,0.406,0.403,0.405,0.405,0.403,0.412,0.738,0.467,0.414,0.71,0.409,0.0,0.39,0.381,0.628,0.385,0.427,0.673,0.412,0.727,0.385,0.408,0.72,0.707,0.42,0.387,0.387,0.674,0.462
0.408,0.405,0.299,0.744,0.426,0.407,0.377,0.682,0.406,0.714,0.401,0.854,0.408,0.746,1.0,0.377,0.39,0.397,0.401,0.375,0.399,0.403,0.408,0.386,0.39,0.386,0.403,0.701,0.457,0.399,0.722,0.41,0.0,0.392,0.352,0.619,0.376,0.414,0.692,0.407,0.737,0.384,0.409,0.706,0.706,0.414,0.399,0.4,0.658,0.471
0.435,0.502,0.303,0.39,0.53,0.531,0.944,0.39,0.435,0.382,0.524,0.386,0.536,0.395,0.377,1.0,0.51,0.547,0.54,0.941,0.526,0.553,0.546,0.519,0.514,0.518,0.53,0.381,0.427,0.438,0.375,0.5,0.0,0.528,0.498,0.407,0.944,0.521,0.398,0.527,0.369,0.504,0.521,0.386,0.379,0.374,0.491,0.492,0.383,0.434
0.441,0.698,0.318,0.387,0.612,0.69,0.502,0.389,0.426,0.383,0.585,0.398,0.592,0.386,0.39,0.51,1.0,0.59,0.582,0.498,0.578,0.593,0.588,0.724,0.706,0.731,0.581,0.377,0.425,0.425,0.364,0.615,0.0,0.591,0.657,0.408,0.503,0.578,0.389,0.604,0.364,0.641,0.584,0.384,0.388,0.375,0.655,0.658,0.393,0.428
0.443,0.603,0.312,0.411,0.666,0.607,0.544,0.416,0.445,0.417,0.691,0.399,0.723,0.426,0.397,0.547,0.59,1.0,0.75,0.538,0.704,0.718,0.701,0.639,0.608,0.621,0.704,0.419,0.434,0.457,0.39,0.662,0.0,0.673,0.59,0.431,0.541,0.689,0.418,0.704,0.386,0.597,0.691,0.404,0.399,0.394,0.608,0.607,0.404,0.444
0.456,0.602,0.313,0.413,0.674,0.598,0.525,0.41,0.44,0.403,0.671,0.406,0.711,0.405,0.401,0.54,0.582,0.75,1.0,0.523,0.71,0.731,0.703,0.608,0.583,0.585,0.696,0.404,0.432,0.456,0.384,0.67,0.0,0.679,0.566,0.418,0.525,0.667,0.423,0.707,0.382,0.598,0.681,0.405,0.404,0.384,0.582,0.584,0.403,0.447
0.434,0.497,0.301,0.378,0.529,0.527,0.985,0.378,0.437,0.37,0.511,0.382,0.523,0.384,0.375,0.941,0.498,0.538,0.523,1.0,0.538,0.538,0.553,0.512,0.506,0.506,0.522,0.366,0.427,0.425,0.375,0.512,0.0,0.526,0.483,0.406,0.987,0.506,0.399,0.518,0.37,0.503,0.514,0.372,0.374,0.374,0.492,0.493,0.368,0.434
0.432,0.582,0.308,0.4,0.679,0.589,0.541,0.397,0.43,0.389,0.68,0.408,0.723,0.394,0.399,0.526,0.578,0.704,0.71,0.538,1.0,0.736,0.737,0.594,0.577,0.592,0.718,0.387,0.416,0.443,0.373,0.698,0.0,0.725,0.555,0.414,0.54,0.694,0.416,0.72,0.37,0.574,0.71,0.39,0.39,0.381,0.594,0.593,0.391,0.431
0.444,0.591,0.305,0.41,0.674,0.589,0.54,0.419,0.444,0.406,0.683,0.41,0.761,0.406,0.403,0.553,0.593,0.718,0.731,0.538,0.736,1.0,0.912,0.605,0.59,0.586,0.722,0.404,0.437,0.449,0.389,0.69,0.0,0.853,0.561,0.417,0.54,0.698,0.431,0.729,0.386,0.591,0.724,0.406,0.4,0.394,0.592,0.593,0.409,0.443
0.455,0.601,0.31,0.412,0.679,0.597,0.558,0.413,0.455,0.4,0.672,0.411,0.75,0.403,0.408,0.546,0.588,0.701,0.703,0.553,0.737,0.912,1.0,0.598,0.582,0.581,0.717,0.397,0.443,0.446,0.395,0.71,0.0,0.838,0.549,0.423,0.552,0.692,0.435,0.716,0.395,0.591,0.708,0.402,0.404,0.404,0.596,0.598,0.399,0.454
0.442,0.799,0.31,0.403,0.627,0.792,0.517,0.421,0.43,0.402,0.637,0.402,0.641,0.405,0.386,0.519,0.724,0.639,0.608,0.512,0.594,0.605,0.598,1.0,0.835,0.748,0.618,0.407,0.436,0.435,0.372,0.605,0.0,0.602,0.797,0.398,0.513,0.622,0.399,0.621,0.37,0.672,0.622,0.393,0.395,0.381,0.663,0.666,0.394,0.433
0.422,0.794,0.303,0.406,0.622,0.796,0.505,0.411,0.417,0.398,0.605,0.4,0.61,0.405,0.39,0.514,0.706,0.608,0.583,0.506,0.577,0.59,0.582,0.835,1.0,0.738,0.598,0.406,0.423,0.423,0.374,0.603,0.0,0.578,0.786,0.388,0.509,0.603,0.399,0.607,0.367,0.645,0.604,0.408,0.406,0.383,0.643,0.646,0.407,0.424
0.437,0.711,0.319,0.396,0.607,0.696,0.509,0.388,0.427,0.401,0.627,0.391,0.625,0.403,0.386,0.518,0.731,0.621,0.585,0.506,0.592,0.586,0.581,0.748,0.738,1.0,0.603,0.393,0.422,0.438,0.366,0.585,0.0,0.577,0.684,0.39,0.51,0.611,0.397,0.615,0.365,0.653,0.589,0.392,0.384,0.382,0.671,0.674,0.398,0.429
0.434,0.591,0.313,0.414,0.679,0.584,0.522,0.404,0.442,0.403,0.691,0.404,0.75,0.412,0.403,0.53,0.581,0.704,0.696,0.522,0.718,0.722,0.717,0.618,0.598,0.603,1.0,0.406,0.435,0.45,0.388,0.698,0.0,0.705,0.564,0.397,0.525,0.817,0.409,0.746,0.385,0.601,0.826,0.401,0.392,0.404,0.591,0.59,0.397,0.446
0.423,0.411,0.29,0.738,0.417,0.4,0.369,0.891,0.412,0.714,0.42,0.689,0.424,0.738,0.701,0.381,0.377,0.419,0.404,0.366,0.387,0.404,0.397,0.407,0.406,0.393,0.406,1.0,0.439,0.424,0.685,0.407,0.0,0.385,0.371,0.605,0.368,0.443,0.654,0.411,0.706,0.376,0.41,0.952,0.929,0.419,0.389,0.389,0.651,0.44
0.501,0.437,0.356,0.448,0.467,0.45,0.43,0.448,0.506,0.45,0.45,0.464,0.45,0.467,0.457,0.427,0.425,0.434,0.432,0.427,0.416,0.437,0.443,0.436,0.423,0.422,0.435,0.439,1.0,0.476,0.448,0.447,0.0,0.433,0.393,0.462,0.427,0.446,0.461,0.454,0.447,0.431,0.441,0.438,0.444,0.573,0.427,0.428,0.454,0.834
0.564,0.437,0.34,0.416,0.463,0.435,0.427,0.416,0.599,0.411,0.458,0.402,0.474,0.414,0.399,0.438,0.425,0.457,0.456,0.425,0.443,0.449,0.446,0.435,0.423,0.438,0.45,0.424,0.476,1.0,0.4,0.434,0.0,0.436,0.406,0.409,0.429,0.447,0.402,0.467,0.398,0.431,0.455,0.418,0.409,0.442,0.434,0.436,0.405,0.473
0.397,0.387,0.287,0.705,0.415,0.387,0.376,0.684,0.4,0.734,0.386,0.686,0.399,0.71,0.722,0.375,0.364,0.39,0.384,0.375,0.373,0.389,0.395,0.372,0.374,0.366,0.388,0.685,0.448,0.4,1.0,0.391,0.0,0.384,0.342,0.633,0.375,0.39,0.678,0.401,0.886,0.371,0.387,0.687,0.689,0.408,0.374,0.374,0.652,0.447
0.459,0.615,0.306,0.424,0.677,0.6,0.512,0.411,0.446,0.389,0.665,0.416,0.702,0.409,0.41,0.5,0.615,0.662,0.67,0.512,0.698,0.69,0.71,0.605,0.603,0.585,0.698,0.407,0.447,0.434,0.391,1.0,0.0,0.681,0.548,0.405,0.509,0.704,0.423,0.72,0.389,0.6,0.714,0.408,0.414,0.405,0.613,0.613,0.392,0.442
0.0,0.0,0.0,0.0,0.0,0.0,0.0,0.0,0.0,0.0,0.0,0.0,0.0,0.0,0.0,0.0,0.0,0.0,0.0,0.0,0.0,0.0,0.0,0.0,0.0,0.0,0.0,0.0,0.0,0.0,0.0,0.0,1.0,0.0,0.0,0.0,0.0,0.0,0.0,0.0,0.0,0.0,0.0,0.0,0.0,0.0,0.0,0.0,0.0,0.0
0.443,0.59,0.314,0.391,0.666,0.588,0.531,0.401,0.442,0.391,0.658,0.403,0.742,0.39,0.392,0.528,0.591,0.673,0.679,0.526,0.725,0.853,0.838,0.602,0.578,0.577,0.705,0.385,0.433,0.436,0.384,0.681,0.0,1.0,0.549,0.428,0.53,0.688,0.431,0.712,0.376,0.588,0.713,0.387,0.393,0.381,0.593,0.593,0.388,0.432
0.404,0.735,0.289,0.365,0.584,0.747,0.487,0.366,0.399,0.384,0.619,0.36,0.591,0.381,0.352,0.498,0.657,0.59,0.566,0.483,0.555,0.561,0.549,0.797,0.786,0.684,0.564,0.371,0.393,0.406,0.342,0.548,0.0,0.549,1.0,0.357,0.487,0.566,0.368,0.584,0.338,0.614,0.567,0.359,0.362,0.348,0.615,0.617,0.36,0.394
0.421,0.396,0.305,0.622,0.424,0.415,0.408,0.608,0.433,0.628,0.412,0.613,0.416,0.628,0.619,0.407,0.408,0.431,0.418,0.406,0.414,0.417,0.423,0.398,0.388,0.39,0.397,0.605,0.462,0.409,0.633,0.405,0.0,0.428,0.357,1.0,0.405,0.398,0.656,0.42,0.634,0.386,0.407,0.611,0.615,0.426,0.385,0.385,0.599,0.469
0.435,0.497,0.301,0.381,0.529,0.527,0.983,0.38,0.437,0.372,0.513,0.386,0.525,0.385,0.376,0.944,0.503,0.541,0.525,0.987,0.54,0.54,0.552,0.513,0.509,0.51,0.525,0.368,0.427,0.429,0.375,0.509,0.0,0.53,0.487,0.405,1.0,0.509,0.402,0.522,0.369,0.502,0.515,0.374,0.375,0.375,0.493,0.494,0.37,0.435
0.452,0.625,0.302,0.419,0.686,0.601,0.507,0.436,0.439,0.419,0.7,0.428,0.736,0.427,0.414,0.521,0.578,0.689,0.667,0.506,0.694,0.698,0.692,0.622,0.603,0.611,0.817,0.443,0.446,0.447,0.39,0.704,0.0,0.688,0.566,0.398,0.509,1.0,0.423,0.73,0.392,0.59,0.845,0.432,0.422,0.395,0.61,0.61,0.412,0.45
0.416,0.41,0.3,0.666,0.442,0.429,0.402,0.658,0.426,0.691,0.412,0.689,0.429,0.673,0.692,0.398,0.389,0.418,0.423,0.399,0.416,0.431,0.435,0.399,0.399,0.397,0.409,0.654,0.461,0.402,0.678,0.423,0.0,0.431,0.368,0.656,0.402,0.423,1.0,0.431,0.68,0.396,0.418,0.656,0.662,0.414,0.397,0.397,0.645,0.463
0.453,0.617,0.314,0.415,0.715,0.618,0.519,0.424,0.466,0.411,0.719,0.415,0.764,0.412,0.407,0.527,0.604,0.704,0.707,0.518,0.72,0.729,0.716,0.621,0.607,0.615,0.746,0.411,0.454,0.467,0.401,0.72,0.0,0.712,0.584,0.42,0.522,0.73,0.431,1.0,0.398,0.61,0.742,0.407,0.412,0.405,0.63,0.627,0.405,0.46
0.403,0.394,0.296,0.72,0.418,0.385,0.371,0.684,0.401,0.726,0.383,0.71,0.395,0.727,0.737,0.369,0.364,0.386,0.382,0.37,0.37,0.386,0.395,0.37,0.367,0.365,0.385,0.706,0.447,0.398,0.886,0.389,0.0,0.376,0.338,0.634,0.369,0.392,0.68,0.398,1.0,0.374,0.385,0.708,0.711,0.406,0.376,0.376,0.656,0.444
0.429,0.657,0.307,0.39,0.636,0.655,0.508,0.394,0.433,0.374,0.599,0.384,0.605,0.385,0.384,0.504,0.641,0.597,0.598,0.503,0.574,0.591,0.591,0.672,0.645,0.653,0.601,0.376,0.431,0.431,0.371,0.6,0.0,0.588,0.614,0.386,0.502,0.59,0.396,0.61,0.374,1.0,0.628,0.378,0.38,0.381,0.686,0.687,0.38,0.431
0.444,0.609,0.319,0.413,0.691,0.604,0.514,0.417,0.444,0.404,0.694,0.41,0.734,0.408,0.409,0.521,0.584,0.691,0.681,0.514,0.71,0.724,0.708,0.622,0.604,0.589,0.826,0.41,0.441,0.455,0.387,0.714,0.0,0.713,0.567,0.407,0.515,0.845,0.418,0.742,0.385,0.628,1.0,0.403,0.401,0.399,0.604,0.604,0.399,0.449
0.42,0.425,0.294,0.731,0.418,0.403,0.376,0.898,0.412,0.69,0.404,0.693,0.408,0.72,0.706,0.386,0.384,0.404,0.405,0.372,0.39,0.406,0.402,0.393,0.408,0.392,0.401,0.952,0.438,0.418,0.687,0.408,0.0,0.387,0.359,0.611,0.374,0.432,0.656,0.407,0.708,0.378,0.403,1.0,0.952,0.426,0.392,0.393,0.658,0.44
0.441,0.431,0.294,0.718,0.428,0.407,0.379,0.878,0.414,0.693,0.402,0.703,0.403,0.707,0.706,0.379,0.388,0.399,0.404,0.374,0.39,0.4,0.404,0.395,0.406,0.384,0.392,0.929,0.444,0.409,0.689,0.414,0.0,0.393,0.362,0.615,0.375,0.422,0.662,0.412,0.711,0.38,0.401,0.952,1.0,0.424,0.399,0.4,0.647,0.439
0.461,0.391,0.324,0.422,0.412,0.393,0.376,0.424,0.455,0.403,0.39,0.411,0.397,0.42,0.414,0.374,0.375,0.394,0.384,0.374,0.381,0.394,0.404,0.381,0.383,0.382,0.404,0.419,0.573,0.442,0.408,0.405,0.0,0.381,0.348,0.426,0.375,0.395,0.414,0.405,0.406,0.381,0.399,0.426,0.424,1.0,0.41,0.412,0.417,0.628
0.437,0.675,0.32,0.393,0.638,0.66,0.494,0.393,0.436,0.38,0.601,0.396,0.616,0.387,0.399,0.491,0.655,0.608,0.582,0.492,0.594,0.592,0.596,0.663,0.643,0.671,0.591,0.389,0.427,0.434,0.374,0.613,0.0,0.593,0.615,0.385,0.493,0.61,0.397,0.63,0.376,0.686,0.604,0.392,0.399,0.41,1.0,0.995,0.39,0.44
0.437,0.677,0.32,0.393,0.64,0.661,0.495,0.394,0.437,0.38,0.601,0.397,0.614,0.387,0.4,0.492,0.658,0.607,0.584,0.493,0.593,0.593,0.598,0.666,0.646,0.674,0.59,0.389,0.428,0.436,0.374,0.613,0.0,0.593,0.617,0.385,0.494,0.61,0.397,0.627,0.376,0.687,0.604,0.393,0.4,0.412,0.995,1.0,0.39,0.441
0.409,0.422,0.303,0.665,0.423,0.404,0.37,0.644,0.401,0.681,0.403,0.643,0.414,0.674,0.658,0.383,0.393,0.404,0.403,0.368,0.391,0.409,0.399,0.394,0.407,0.398,0.397,0.651,0.454,0.405,0.652,0.392,0.0,0.388,0.36,0.599,0.37,0.412,0.645,0.405,0.656,0.38,0.399,0.658,0.647,0.417,0.39,0.39,1.0,0.447
0.502,0.442,0.365,0.457,0.463,0.448,0.436,0.447,0.509,0.447,0.457,0.456,0.464,0.462,0.471,0.434,0.428,0.444,0.447,0.434,0.431,0.443,0.454,0.433,0.424,0.429,0.446,0.44,0.834,0.473,0.447,0.442,0.0,0.432,0.394,0.469,0.435,0.45,0.463,0.46,0.444,0.431,0.449,0.44,0.439,0.628,0.44,0.441,0.447,1.0
