GCF_000163235.1_ASM16323v1_genomic.fna,GCF_000164555.1_ASM16455v1_genomic.fna,GCF_000208545.1_ASM20854v2_genomic.fna,GCF_000233875.1_ASM23387v1_genomic.fna,GCF_000249735.1_ASM24973v2_genomic.fna,GCF_000261145.1_Esch_coli_M919_V2_genomic.fna,GCF_000267705.2_ASM26770v2_genomic.fna,GCF_000350665.1_Esch_coli_KTE5_V1_genomic.fna,GCF_000351625.1_Esch_coli_KTE66_V1_genomic.fna,GCF_000352285.1_Esch_coli_KTE46_V1_genomic.fna,GCF_000358895.1_ASM35889v1_genomic.fna,GCF_000456385.1_Esch_coli_HVH_26_4-5703913_V1_genomic.fna,GCF_000458195.1_Esch_coli_HVH_147_4-5893887_V1_genomic.fna,GCF_000459755.1_Esch_coli_KOEGE_58_171a_V1_genomic.fna,GCF_000460055.1_Esch_coli_UMEA_3053-1_V1_genomic.fna,GCF_000462165.2_ASM46216v2_genomic.fna,GCF_000601135.1_ASM60113v1_genomic.fna,GCF_000614595.1_Ec2010EL1058_genomic.fna,GCF_000617745.1_Ec2010C-4529_genomic.fna,GCF_000618265.2_EcF6751_genomic.fna,GCF_000619005.2_Ec2009C-4052_genomic.fna,GCF_000619105.1_Ec2009C-4780_genomic.fna,GCF_000619765.2_Ec2009C-3279_genomic.fna,GCF_000687005.1_ASM68700v1_genomic.fna,GCF_000687025.1_ASM68702v1_genomic.fna,GCF_000700125.1_ASM70012v1_genomic.fna,GCF_000753315.1_FHI35_genomic.fna,GCF_000776375.1_ASM77637v1_genomic.fna,GCF_000779395.1_ASM77939v1_genomic.fna,GCF_000780315.1_ASM78031v1_genomic.fna,GCF_000781995.1_ASM78199v1_genomic.fna,GCF_000986765.1_ASM98676v1_genomic.fna,GCF_001041375.1_ViralProj287958_genomic.fna,GCF_001265335.1_302014_genomic.fna,GCF_001265625.1_100854_genomic.fna,GCF_001267345.1_303289_genomic.fna,GCF_001309985.1_ASM130998v1_genomic.fna,GCF_001521695.1_ASM152169v1_genomic.fna,GCF_001592595.1_ASM159259v1_genomic.fna,GCF_001614975.1_ASM161497v1_genomic.fna,GCF_001692775.1_ASM169277v1_genomic.fna,GCF_001748915.1_ASM174891v1_genomic.fna,GCF_001749235.1_ASM174923v1_genomic.fna,GCF_001881155.1_ASM188115v1_genomic.fna,GCF_001881345.1_ASM188134v1_genomic.fna,GCF_001892405.1_ASM189240v1_genomic.fna,GCF_001892585.1_ASM189258v1_genomic.fna,GCF_001893985.1_ASM189398v1_genomic.fna,GCF_002001595.1_ASM200159v1_genomic.fna,GCF_002002145.1_ASM200214v1_genomic.fna
1.0,0.587,0.481,0.555,0.574,0.574,0.575,0.555,0.652,0.552,0.553,0.57,0.554,0.554,0.534,0.574,0.556,0.573,0.568,0.576,0.545,0.566,0.575,0.575,0.566,0.557,0.57,0.549,0.588,0.664,0.502,0.568,0.0,0.561,0.526,0.536,0.576,0.576,0.508,0.568,0.532,0.563,0.556,0.543,0.558,0.532,0.552,0.554,0.533,0.591
0.587,1.0,0.443,0.541,0.698,0.805,0.59,0.531,0.549,0.537,0.656,0.532,0.659,0.515,0.509,0.603,0.736,0.68,0.661,0.591,0.623,0.664,0.651,0.809,0.827,0.756,0.661,0.543,0.545,0.553,0.491,0.671,0.0,0.653,0.744,0.493,0.592,0.685,0.475,0.669,0.51,0.728,0.67,0.536,0.536,0.486,0.731,0.733,0.534,0.522
0.481,0.443,1.0,0.412,0.441,0.427,0.435,0.418,0.443,0.413,0.427,0.432,0.427,0.428,0.427,0.431,0.424,0.439,0.426,0.435,0.419,0.433,0.437,0.422,0.422,0.42,0.43,0.423,0.445,0.454,0.401,0.44,0.0,0.428,0.385,0.418,0.435,0.432,0.406,0.429,0.424,0.436,0.434,0.427,0.42,0.419,0.432,0.433,0.421,0.455
0.555,0.541,0.412,1.0,0.524,0.523,0.514,0.742,0.516,0.774,0.506,0.761,0.509,0.794,0.779,0.523,0.515,0.517,0.519,0.515,0.484,0.513,0.508,0.52,0.528,0.516,0.515,0.797,0.545,0.529,0.733,0.523,0.0,0.496,0.473,0.673,0.516,0.527,0.688,0.514,0.771,0.524,0.518,0.771,0.775,0.511,0.516,0.515,0.713,0.528
0.574,0.698,0.441,0.524,1.0,0.708,0.613,0.525,0.559,0.533,0.811,0.524,0.737,0.526,0.516,0.624,0.707,0.745,0.739,0.613,0.723,0.749,0.741,0.693,0.692,0.691,0.756,0.541,0.555,0.564,0.493,0.752,0.0,0.734,0.652,0.5,0.613,0.766,0.494,0.768,0.517,0.696,0.764,0.521,0.53,0.481,0.712,0.714,0.525,0.512
0.574,0.805,0.427,0.523,0.708,1.0,0.602,0.519,0.551,0.523,0.667,0.502,0.667,0.505,0.499,0.619,0.739,0.695,0.675,0.6,0.638,0.677,0.67,0.804,0.829,0.743,0.667,0.524,0.547,0.547,0.482,0.68,0.0,0.67,0.759,0.509,0.601,0.695,0.496,0.683,0.502,0.729,0.673,0.507,0.513,0.477,0.733,0.735,0.512,0.514
0.575,0.59,0.435,0.514,0.613,0.602,1.0,0.513,0.547,0.505,0.585,0.503,0.581,0.512,0.51,0.947,0.591,0.65,0.631,0.985,0.634,0.619,0.646,0.592,0.596,0.598,0.608,0.515,0.52,0.556,0.494,0.613,0.0,0.604,0.564,0.517,0.99,0.587,0.49,0.598,0.507,0.586,0.596,0.517,0.52,0.483,0.58,0.581,0.497,0.518
0.555,0.531,0.418,0.742,0.525,0.519,0.513,1.0,0.519,0.749,0.496,0.736,0.508,0.75,0.728,0.506,0.509,0.507,0.519,0.513,0.502,0.499,0.51,0.511,0.511,0.511,0.514,0.905,0.554,0.532,0.744,0.522,0.0,0.504,0.476,0.67,0.512,0.534,0.713,0.514,0.758,0.506,0.515,0.909,0.899,0.535,0.503,0.504,0.708,0.553
0.652,0.549,0.443,0.516,0.559,0.551,0.547,0.519,1.0,0.535,0.555,0.504,0.543,0.516,0.504,0.554,0.544,0.547,0.532,0.548,0.506,0.546,0.539,0.558,0.546,0.541,0.538,0.528,0.581,0.67,0.478,0.53,0.0,0.529,0.511,0.522,0.549,0.536,0.479,0.556,0.498,0.535,0.548,0.511,0.51,0.514,0.533,0.534,0.503,0.573
0.552,0.537,0.413,0.774,0.533,0.523,0.505,0.749,0.535,1.0,0.519,0.735,0.521,0.764,0.74,0.518,0.518,0.507,0.509,0.506,0.485,0.508,0.498,0.522,0.522,0.531,0.511,0.779,0.557,0.536,0.759,0.505,0.0,0.491,0.484,0.682,0.508,0.524,0.723,0.523,0.78,0.514,0.523,0.753,0.763,0.514,0.51,0.509,0.726,0.528
0.553,0.656,0.427,0.506,0.811,0.667,0.585,0.496,0.555,0.519,1.0,0.486,0.796,0.503,0.485,0.6,0.667,0.738,0.717,0.585,0.703,0.751,0.732,0.706,0.665,0.691,0.742,0.512,0.516,0.546,0.467,0.719,0.0,0.724,0.693,0.497,0.587,0.735,0.473,0.778,0.484,0.667,0.76,0.491,0.493,0.468,0.671,0.67,0.494,0.499
0.57,0.532,0.432,0.761,0.524,0.502,0.503,0.736,0.504,0.735,0.486,1.0,0.495,0.752,0.868,0.5,0.494,0.497,0.512,0.502,0.493,0.5,0.503,0.505,0.513,0.498,0.505,0.746,0.547,0.533,0.707,0.519,0.0,0.495,0.459,0.659,0.502,0.516,0.704,0.497,0.746,0.495,0.506,0.744,0.755,0.517,0.503,0.504,0.698,0.542
0.554,0.659,0.427,0.509,0.737,0.667,0.581,0.508,0.543,0.521,0.796,0.495,1.0,0.5,0.489,0.592,0.667,0.744,0.744,0.581,0.719,0.8,0.782,0.706,0.67,0.683,0.777,0.52,0.518,0.536,0.468,0.741,0.0,0.771,0.671,0.484,0.582,0.755,0.478,0.795,0.484,0.671,0.785,0.498,0.499,0.469,0.676,0.674,0.502,0.5
0.554,0.515,0.428,0.794,0.526,0.505,0.512,0.75,0.516,0.764,0.503,0.752,0.5,1.0,0.777,0.514,0.502,0.515,0.52,0.513,0.49,0.504,0.507,0.492,0.501,0.507,0.511,0.789,0.561,0.524,0.729,0.515,0.0,0.493,0.464,0.678,0.514,0.528,0.713,0.506,0.767,0.513,0.507,0.772,0.778,0.523,0.507,0.509,0.723,0.545
0.534,0.509,0.427,0.779,0.516,0.499,0.51,0.728,0.504,0.74,0.485,0.868,0.489,0.777,1.0,0.503,0.497,0.498,0.507,0.511,0.487,0.496,0.506,0.485,0.494,0.498,0.498,0.756,0.541,0.519,0.739,0.511,0.0,0.486,0.451,0.667,0.51,0.503,0.707,0.495,0.773,0.493,0.496,0.747,0.752,0.512,0.508,0.508,0.705,0.551
0.574,0.603,0.431,0.523,0.624,0.619,0.947,0.506,0.554,0.518,0.6,0.5,0.592,0.514,0.503,1.0,0.596,0.653,0.632,0.95,0.619,0.634,0.633,0.608,0.61,0.608,0.614,0.521,0.529,0.555,0.487,0.599,0.0,0.596,0.572,0.516,0.95,0.6,0.482,0.606,0.506,0.596,0.602,0.508,0.513,0.479,0.596,0.594,0.5,0.509
0.556,0.736,0.424,0.515,0.707,0.739,0.591,0.509,0.544,0.518,0.667,0.494,0.667,0.502,0.497,0.596,1.0,0.681,0.67,0.588,0.639,0.69,0.678,0.756,0.75,0.773,0.675,0.518,0.544,0.533,0.473,0.705,0.0,0.676,0.696,0.51,0.589,0.667,0.474,0.689,0.49,0.724,0.678,0.506,0.517,0.462,0.721,0.719,0.499,0.514
0.573,0.68,0.439,0.517,0.745,0.695,0.65,0.507,0.547,0.507,0.738,0.497,0.744,0.515,0.498,0.653,0.681,1.0,0.808,0.646,0.766,0.799,0.796,0.685,0.67,0.689,0.768,0.521,0.535,0.565,0.481,0.75,0.0,0.75,0.646,0.521,0.649,0.746,0.488,0.767,0.494,0.695,0.755,0.505,0.513,0.484,0.695,0.696,0.503,0.518
0.568,0.661,0.426,0.519,0.739,0.675,0.631,0.519,0.532,0.509,0.717,0.512,0.744,0.52,0.507,0.632,0.67,0.808,1.0,0.626,0.769,0.79,0.785,0.672,0.664,0.67,0.772,0.521,0.53,0.557,0.492,0.755,0.0,0.738,0.638,0.515,0.63,0.742,0.493,0.77,0.506,0.685,0.753,0.509,0.515,0.481,0.681,0.683,0.508,0.517
0.576,0.591,0.435,0.515,0.613,0.6,0.985,0.513,0.548,0.506,0.585,0.502,0.581,0.513,0.511,0.95,0.588,0.646,0.626,1.0,0.632,0.617,0.639,0.592,0.597,0.598,0.607,0.516,0.521,0.557,0.494,0.612,0.0,0.602,0.563,0.514,0.988,0.587,0.489,0.598,0.507,0.588,0.596,0.516,0.519,0.483,0.58,0.581,0.497,0.518
0.545,0.623,0.419,0.484,0.723,0.638,0.634,0.502,0.506,0.485,0.703,0.493,0.719,0.49,0.487,0.619,0.639,0.766,0.769,0.632,1.0,0.771,0.785,0.636,0.626,0.647,0.741,0.494,0.496,0.536,0.483,0.744,0.0,0.75,0.61,0.5,0.633,0.72,0.49,0.743,0.485,0.643,0.73,0.499,0.506,0.487,0.657,0.66,0.491,0.507
0.566,0.664,0.433,0.513,0.749,0.677,0.619,0.499,0.546,0.508,0.751,0.5,0.8,0.504,0.496,0.634,0.69,0.799,0.79,0.617,0.771,1.0,0.925,0.672,0.663,0.674,0.792,0.515,0.528,0.542,0.472,0.765,0.0,0.869,0.637,0.496,0.62,0.768,0.472,0.792,0.489,0.687,0.788,0.497,0.503,0.474,0.692,0.691,0.496,0.512
0.575,0.651,0.437,0.508,0.741,0.67,0.646,0.51,0.539,0.498,0.732,0.503,0.782,0.507,0.506,0.633,0.678,0.796,0.785,0.639,0.785,0.925,1.0,0.653,0.653,0.662,0.785,0.513,0.524,0.545,0.482,0.778,0.0,0.864,0.622,0.505,0.645,0.75,0.49,0.773,0.5,0.678,0.763,0.51,0.515,0.478,0.671,0.674,0.5,0.515
0.575,0.809,0.422,0.52,0.693,0.804,0.592,0.511,0.558,0.522,0.706,0.505,0.706,0.492,0.485,0.608,0.756,0.685,0.672,0.592,0.636,0.672,0.653,1.0,0.841,0.775,0.667,0.513,0.524,0.542,0.471,0.669,0.0,0.649,0.795,0.499,0.594,0.67,0.465,0.685,0.491,0.733,0.68,0.495,0.507,0.464,0.723,0.722,0.494,0.503
0.566,0.827,0.422,0.528,0.692,0.829,0.596,0.511,0.546,0.522,0.665,0.513,0.67,0.501,0.494,0.61,0.75,0.67,0.664,0.597,0.626,0.663,0.653,0.841,1.0,0.785,0.659,0.527,0.53,0.53,0.478,0.681,0.0,0.645,0.784,0.488,0.599,0.673,0.472,0.672,0.498,0.724,0.679,0.522,0.521,0.465,0.721,0.72,0.516,0.5
0.557,0.756,0.42,0.516,0.691,0.743,0.598,0.511,0.541,0.531,0.691,0.498,0.683,0.507,0.498,0.608,0.773,0.689,0.67,0.598,0.647,0.674,0.662,0.775,0.785,1.0,0.675,0.518,0.53,0.534,0.482,0.674,0.0,0.648,0.725,0.498,0.6,0.674,0.474,0.698,0.497,0.734,0.684,0.517,0.516,0.461,0.731,0.729,0.524,0.5
0.57,0.661,0.43,0.515,0.756,0.667,0.608,0.514,0.538,0.511,0.742,0.505,0.777,0.511,0.498,0.614,0.675,0.768,0.772,0.607,0.741,0.792,0.785,0.667,0.659,0.675,1.0,0.52,0.532,0.555,0.481,0.766,0.0,0.766,0.629,0.504,0.609,0.83,0.476,0.79,0.498,0.677,0.838,0.508,0.51,0.475,0.673,0.673,0.508,0.509
0.549,0.543,0.423,0.797,0.541,0.524,0.515,0.905,0.528,0.779,0.512,0.746,0.52,0.789,0.756,0.521,0.518,0.521,0.521,0.516,0.494,0.515,0.513,0.513,0.527,0.518,0.52,1.0,0.566,0.535,0.74,0.523,0.0,0.505,0.48,0.681,0.518,0.542,0.715,0.52,0.782,0.523,0.524,0.962,0.943,0.526,0.512,0.513,0.731,0.543
0.588,0.545,0.445,0.545,0.555,0.547,0.52,0.554,0.581,0.557,0.516,0.547,0.518,0.561,0.541,0.529,0.544,0.535,0.53,0.521,0.496,0.528,0.524,0.524,0.53,0.53,0.532,0.566,1.0,0.568,0.516,0.534,0.0,0.529,0.495,0.56,0.523,0.538,0.519,0.522,0.533,0.528,0.515,0.547,0.555,0.597,0.526,0.527,0.54,0.831
0.664,0.553,0.454,0.529,0.564,0.547,0.556,0.532,0.67,0.536,0.546,0.533,0.536,0.524,0.519,0.555,0.533,0.565,0.557,0.557,0.536,0.542,0.545,0.542,0.53,0.534,0.555,0.535,0.568,1.0,0.497,0.548,0.0,0.533,0.512,0.535,0.556,0.553,0.496,0.567,0.523,0.551,0.555,0.527,0.527,0.542,0.551,0.553,0.522,0.568
0.502,0.491,0.401,0.733,0.493,0.482,0.494,0.744,0.478,0.759,0.467,0.707,0.468,0.729,0.739,0.487,0.473,0.481,0.492,0.494,0.483,0.472,0.482,0.471,0.478,0.482,0.481,0.74,0.516,0.497,1.0,0.495,0.0,0.468,0.441,0.662,0.493,0.488,0.707,0.479,0.887,0.476,0.478,0.746,0.748,0.511,0.473,0.474,0.69,0.515
0.568,0.671,0.44,0.523,0.752,0.68,0.613,0.522,0.53,0.505,0.719,0.519,0.741,0.515,0.511,0.599,0.705,0.75,0.755,0.612,0.744,0.765,0.778,0.669,0.681,0.674,0.766,0.523,0.534,0.548,0.495,1.0,0.0,0.756,0.62,0.509,0.611,0.776,0.494,0.778,0.507,0.688,0.763,0.52,0.531,0.477,0.685,0.687,0.515,0.507
0.0,0.0,0.0,0.0,0.0,0.0,0.0,0.0,0.0,0.0,0.0,0.0,0.0,0.0,0.0,0.0,0.0,0.0,0.0,0.0,0.0,0.0,0.0,0.0,0.0,0.0,0.0,0.0,0.0,0.0,0.0,0.0,1.0,0.0,0.0,0.0,0.0,0.0,0.0,0.0,0.0,0.0,0.0,0.0,0.0,0.0,0.0,0.0,0.0,0.0
0.561,0.653,0.428,0.496,0.734,0.67,0.604,0.504,0.529,0.491,0.724,0.495,0.771,0.493,0.486,0.596,0.676,0.75,0.738,0.602,0.75,0.869,0.864,0.649,0.645,0.648,0.766,0.505,0.529,0.533,0.468,0.756,0.0,1.0,0.619,0.51,0.604,0.744,0.488,0.762,0.479,0.67,0.76,0.495,0.502,0.465,0.664,0.668,0.495,0.513
0.526,0.744,0.385,0.473,0.652,0.759,0.564,0.476,0.511,0.484,0.693,0.459,0.671,0.464,0.451,0.572,0.696,0.646,0.638,0.563,0.61,0.637,0.622,0.795,0.784,0.725,0.629,0.48,0.495,0.512,0.441,0.62,0.0,0.619,1.0,0.455,0.563,0.63,0.444,0.656,0.457,0.679,0.656,0.467,0.477,0.44,0.677,0.677,0.46,0.471
0.536,0.493,0.418,0.673,0.5,0.509,0.517,0.67,0.522,0.682,0.497,0.659,0.484,0.678,0.667,0.516,0.51,0.521,0.515,0.514,0.5,0.496,0.505,0.499,0.488,0.498,0.504,0.681,0.56,0.535,0.662,0.509,0.0,0.51,0.455,1.0,0.517,0.498,0.685,0.5,0.681,0.503,0.488,0.673,0.682,0.499,0.493,0.494,0.667,0.547
0.576,0.592,0.435,0.516,0.613,0.601,0.99,0.512,0.549,0.508,0.587,0.502,0.582,0.514,0.51,0.95,0.589,0.649,0.63,0.988,0.633,0.62,0.645,0.594,0.599,0.6,0.609,0.518,0.523,0.556,0.493,0.611,0.0,0.604,0.563,0.517,1.0,0.588,0.488,0.598,0.506,0.588,0.596,0.516,0.519,0.482,0.58,0.581,0.498,0.517
0.576,0.685,0.432,0.527,0.766,0.695,0.587,0.534,0.536,0.524,0.735,0.516,0.755,0.528,0.503,0.6,0.667,0.746,0.742,0.587,0.72,0.768,0.75,0.67,0.673,0.674,0.83,0.542,0.538,0.553,0.488,0.776,0.0,0.744,0.63,0.498,0.588,1.0,0.488,0.781,0.51,0.683,0.863,0.524,0.523,0.472,0.703,0.703,0.519,0.502
0.508,0.475,0.406,0.688,0.494,0.496,0.49,0.713,0.479,0.723,0.473,0.704,0.478,0.713,0.707,0.482,0.474,0.488,0.493,0.489,0.49,0.472,0.49,0.465,0.472,0.474,0.476,0.715,0.519,0.496,0.707,0.494,0.0,0.488,0.444,0.685,0.488,0.488,1.0,0.477,0.71,0.483,0.479,0.721,0.721,0.523,0.484,0.485,0.686,0.515
0.568,0.669,0.429,0.514,0.768,0.683,0.598,0.514,0.556,0.523,0.778,0.497,0.795,0.506,0.495,0.606,0.689,0.767,0.77,0.598,0.743,0.792,0.773,0.685,0.672,0.698,0.79,0.52,0.522,0.567,0.479,0.778,0.0,0.762,0.656,0.5,0.598,0.781,0.477,1.0,0.493,0.686,0.807,0.499,0.506,0.484,0.706,0.705,0.496,0.516
0.532,0.51,0.424,0.771,0.517,0.502,0.507,0.758,0.498,0.78,0.484,0.746,0.484,0.767,0.773,0.506,0.49,0.494,0.506,0.507,0.485,0.489,0.5,0.491,0.498,0.497,0.498,0.782,0.533,0.523,0.887,0.507,0.0,0.479,0.457,0.681,0.506,0.51,0.71,0.493,1.0,0.496,0.498,0.777,0.777,0.512,0.488,0.489,0.717,0.521
0.563,0.728,0.436,0.524,0.696,0.729,0.586,0.506,0.535,0.514,0.667,0.495,0.671,0.513,0.493,0.596,0.724,0.695,0.685,0.588,0.643,0.687,0.678,0.733,0.724,0.734,0.677,0.523,0.528,0.551,0.476,0.688,0.0,0.67,0.679,0.503,0.588,0.683,0.483,0.686,0.496,1.0,0.694,0.502,0.503,0.46,0.774,0.776,0.501,0.499
0.556,0.67,0.434,0.518,0.764,0.673,0.596,0.515,0.548,0.523,0.76,0.506,0.785,0.507,0.496,0.602,0.678,0.755,0.753,0.596,0.73,0.788,0.763,0.68,0.679,0.684,0.838,0.524,0.515,0.555,0.478,0.763,0.0,0.76,0.656,0.488,0.596,0.863,0.479,0.807,0.498,0.694,1.0,0.505,0.506,0.474,0.694,0.694,0.5,0.5
0.543,0.536,0.427,0.771,0.521,0.507,0.517,0.909,0.511,0.753,0.491,0.744,0.498,0.772,0.747,0.508,0.506,0.505,0.509,0.516,0.499,0.497,0.51,0.495,0.522,0.517,0.508,0.962,0.547,0.527,0.746,0.52,0.0,0.495,0.467,0.673,0.516,0.524,0.721,0.499,0.777,0.502,0.505,1.0,0.958,0.535,0.496,0.497,0.734,0.547
0.558,0.536,0.42,0.775,0.53,0.513,0.52,0.899,0.51,0.763,0.493,0.755,0.499,0.778,0.752,0.513,0.517,0.513,0.515,0.519,0.506,0.503,0.515,0.507,0.521,0.516,0.51,0.943,0.555,0.527,0.748,0.531,0.0,0.502,0.477,0.682,0.519,0.523,0.721,0.506,0.777,0.503,0.506,0.958,1.0,0.53,0.504,0.505,0.731,0.551
0.532,0.486,0.419,0.511,0.481,0.477,0.483,0.535,0.514,0.514,0.468,0.517,0.469,0.523,0.512,0.479,0.462,0.484,0.481,0.483,0.487,0.474,0.478,0.464,0.465,0.461,0.475,0.526,0.597,0.542,0.511,0.477,0.0,0.465,0.44,0.499,0.482,0.472,0.523,0.484,0.512,0.46,0.474,0.535,0.53,1.0,0.497,0.5,0.52,0.651
0.552,0.731,0.432,0.516,0.712,0.733,0.58,0.503,0.533,0.51,0.671,0.503,0.676,0.507,0.508,0.596,0.721,0.695,0.681,0.58,0.657,0.692,0.671,0.723,0.721,0.731,0.673,0.512,0.526,0.551,0.473,0.685,0.0,0.664,0.677,0.493,0.58,0.703,0.484,0.706,0.488,0.774,0.694,0.496,0.504,0.497,1.0,0.996,0.502,0.519
0.554,0.733,0.433,0.515,0.714,0.735,0.581,0.504,0.534,0.509,0.67,0.504,0.674,0.509,0.508,0.594,0.719,0.696,0.683,0.581,0.66,0.691,0.674,0.722,0.72,0.729,0.673,0.513,0.527,0.553,0.474,0.687,0.0,0.668,0.677,0.494,0.581,0.703,0.485,0.705,0.489,0.776,0.694,0.497,0.505,0.5,0.996,1.0,0.503,0.521
0.533,0.534,0.421,0.713,0.525,0.512,0.497,0.708,0.503,0.726,0.494,0.698,0.502,0.723,0.705,0.5,0.499,0.503,0.508,0.497,0.491,0.496,0.5,0.494,0.516,0.524,0.508,0.731,0.54,0.522,0.69,0.515,0.0,0.495,0.46,0.667,0.498,0.519,0.686,0.496,0.717,0.501,0.5,0.734,0.731,0.52,0.502,0.503,1.0,0.526
0.591,0.522,0.455,0.528,0.512,0.514,0.518,0.553,0.573,0.528,0.499,0.542,0.5,0.545,0.551,0.509,0.514,0.518,0.517,0.518,0.507,0.512,0.515,0.503,0.5,0.5,0.509,0.543,0.831,0.568,0.515,0.507,0.0,0.513,0.471,0.547,0.517,0.502,0.515,0.516,0.521,0.499,0.5,0.547,0.551,0.651,0.519,0.521,0.526,1.0
