GCF_000163235.1_ASM16323v1_genomic.fna,GCF_000164555.1_ASM16455v1_genomic.fna,GCF_000208545.1_ASM20854v2_genomic.fna,GCF_000233875.1_ASM23387v1_genomic.fna,GCF_000249735.1_ASM24973v2_genomic.fna,GCF_000261145.1_Esch_coli_M919_V2_genomic.fna,GCF_000267705.2_ASM26770v2_genomic.fna,GCF_000350665.1_Esch_coli_KTE5_V1_genomic.fna,GCF_000351625.1_Esch_coli_KTE66_V1_genomic.fna,GCF_000352285.1_Esch_coli_KTE46_V1_genomic.fna,GCF_000358895.1_ASM35889v1_genomic.fna,GCF_000456385.1_Esch_coli_HVH_26_4-5703913_V1_genomic.fna,GCF_000458195.1_Esch_coli_HVH_147_4-5893887_V1_genomic.fna,GCF_000459755.1_Esch_coli_KOEGE_58_171a_V1_genomic.fna,GCF_000460055.1_Esch_coli_UMEA_3053-1_V1_genomic.fna,GCF_000462165.2_ASM46216v2_genomic.fna,GCF_000601135.1_ASM60113v1_genomic.fna,GCF_000614595.1_Ec2010EL1058_genomic.fna,GCF_000617745.1_Ec2010C-4529_genomic.fna,GCF_000618265.2_EcF6751_genomic.fna,GCF_000619005.2_Ec2009C-4052_genomic.fna,GCF_000619105.1_Ec2009C-4780_genomic.fna,GCF_000619765.2_Ec2009C-3279_genomic.fna,GCF_000687005.1_ASM68700v1_genomic.fna,GCF_000687025.1_ASM68702v1_genomic.fna,GCF_000700125.1_ASM70012v1_genomic.fna,GCF_000753315.1_FHI35_genomic.fna,GCF_000776375.1_ASM77637v1_genomic.fna,GCF_000779395.1_ASM77939v1_genomic.fna,GCF_000780315.1_ASM78031v1_genomic.fna,GCF_000781995.1_ASM78199v1_genomic.fna,GCF_000986765.1_ASM98676v1_genomic.fna,GCF_001041375.1_ViralProj287958_genomic.fna,GCF_001265335.1_302014_genomic.fna,GCF_001265625.1_100854_genomic.fna,GCF_001267345.1_303289_genomic.fna,GCF_001309985.1_ASM130998v1_genomic.fna,GCF_001521695.1_ASM152169v1_genomic.fna,GCF_001592595.1_ASM159259v1_genomic.fna,GCF_001614975.1_ASM161497v1_genomic.fna,GCF_001692775.1_ASM169277v1_genomic.fna,GCF_001748915.1_ASM174891v1_genomic.fna,GCF_001749235.1_ASM174923v1_genomic.fna,GCF_001881155.1_ASM188115v1_genomic.fna,GCF_001881345.1_ASM188134v1_genomic.fna,GCF_001892405.1_ASM189240v1_genomic.fna,GCF_001892585.1_ASM189258v1_genomic.fna,GCF_001893985.1_ASM189398v1_genomic.fna,GCF_002001595.1_ASM200159v1_genomic.fna,GCF_002002145.1_ASM200214v1_genomic.fna
1.0,0.508,0.398,0.435,0.501,0.491,0.472,0.441,0.598,0.433,0.485,0.446,0.492,0.426,0.419,0.469,0.488,0.507,0.492,0.469,0.466,0.483,0.504,0.496,0.486,0.492,0.489,0.434,0.51,0.571,0.413,0.506,0.0,0.485,0.463,0.431,0.47,0.505,0.416,0.497,0.422,0.481,0.492,0.44,0.449,0.462,0.473,0.473,0.42,0.505
0.508,1.0,0.358,0.436,0.608,0.772,0.544,0.447,0.476,0.425,0.597,0.455,0.617,0.423,0.424,0.545,0.715,0.608,0.621,0.531,0.579,0.609,0.625,0.785,0.787,0.714,0.612,0.447,0.471,0.47,0.413,0.629,0.0,0.607,0.741,0.426,0.536,0.641,0.419,0.609,0.418,0.69,0.615,0.459,0.46,0.404,0.697,0.699,0.437,0.461
0.398,0.358,1.0,0.328,0.351,0.348,0.343,0.337,0.379,0.34,0.349,0.332,0.357,0.337,0.328,0.348,0.354,0.345,0.35,0.338,0.338,0.352,0.357,0.355,0.344,0.346,0.352,0.35,0.378,0.375,0.321,0.371,0.0,0.361,0.323,0.332,0.338,0.356,0.33,0.358,0.326,0.351,0.355,0.349,0.348,0.317,0.354,0.355,0.343,0.382
0.435,0.436,0.328,1.0,0.403,0.43,0.413,0.713,0.429,0.719,0.407,0.724,0.424,0.787,0.755,0.417,0.421,0.405,0.42,0.403,0.39,0.418,0.42,0.422,0.426,0.415,0.415,0.767,0.469,0.429,0.721,0.432,0.0,0.409,0.401,0.629,0.404,0.412,0.677,0.416,0.737,0.413,0.4,0.748,0.752,0.422,0.409,0.409,0.674,0.475
0.501,0.608,0.351,0.403,1.0,0.61,0.545,0.428,0.462,0.396,0.751,0.417,0.699,0.405,0.415,0.545,0.602,0.675,0.668,0.546,0.674,0.684,0.703,0.595,0.583,0.594,0.698,0.412,0.46,0.47,0.397,0.692,0.0,0.68,0.565,0.406,0.543,0.703,0.403,0.682,0.411,0.613,0.701,0.417,0.419,0.424,0.629,0.629,0.41,0.447
0.491,0.772,0.348,0.43,0.61,1.0,0.55,0.431,0.483,0.412,0.614,0.431,0.625,0.422,0.421,0.563,0.718,0.609,0.613,0.538,0.571,0.612,0.616,0.788,0.802,0.703,0.611,0.437,0.454,0.48,0.4,0.622,0.0,0.615,0.772,0.436,0.541,0.62,0.433,0.63,0.409,0.701,0.605,0.431,0.439,0.405,0.702,0.701,0.431,0.473
0.472,0.544,0.343,0.413,0.545,0.55,1.0,0.409,0.463,0.395,0.538,0.407,0.548,0.409,0.397,0.949,0.533,0.595,0.587,0.98,0.574,0.576,0.598,0.541,0.541,0.536,0.552,0.412,0.45,0.439,0.392,0.56,0.0,0.558,0.529,0.428,0.985,0.536,0.407,0.534,0.396,0.525,0.542,0.416,0.419,0.408,0.517,0.518,0.414,0.456
0.441,0.447,0.337,0.713,0.428,0.431,0.409,1.0,0.414,0.687,0.395,0.685,0.41,0.694,0.676,0.404,0.42,0.4,0.412,0.409,0.394,0.4,0.411,0.427,0.415,0.411,0.398,0.892,0.479,0.412,0.708,0.429,0.0,0.394,0.389,0.612,0.407,0.44,0.666,0.41,0.712,0.408,0.407,0.901,0.878,0.417,0.411,0.413,0.647,0.456
0.598,0.476,0.379,0.429,0.462,0.483,0.463,0.414,1.0,0.431,0.48,0.423,0.486,0.434,0.431,0.474,0.476,0.461,0.471,0.456,0.443,0.49,0.484,0.482,0.476,0.478,0.482,0.428,0.493,0.61,0.408,0.47,0.0,0.477,0.462,0.44,0.459,0.453,0.413,0.489,0.406,0.479,0.463,0.421,0.425,0.432,0.467,0.465,0.416,0.51
0.433,0.425,0.34,0.719,0.396,0.412,0.395,0.687,0.431,1.0,0.427,0.693,0.415,0.719,0.712,0.405,0.418,0.384,0.398,0.385,0.373,0.396,0.397,0.425,0.414,0.421,0.405,0.72,0.468,0.436,0.735,0.409,0.0,0.387,0.399,0.623,0.389,0.405,0.678,0.405,0.736,0.394,0.388,0.702,0.715,0.402,0.399,0.4,0.674,0.462
0.485,0.597,0.349,0.407,0.751,0.614,0.538,0.395,0.48,0.427,1.0,0.396,0.749,0.41,0.405,0.558,0.631,0.679,0.685,0.526,0.654,0.722,0.71,0.653,0.613,0.636,0.716,0.413,0.441,0.493,0.395,0.682,0.0,0.699,0.631,0.413,0.529,0.682,0.405,0.721,0.399,0.644,0.691,0.406,0.411,0.409,0.605,0.605,0.407,0.462
0.446,0.455,0.332,0.724,0.417,0.431,0.407,0.685,0.423,0.693,0.396,1.0,0.413,0.719,0.837,0.407,0.428,0.398,0.413,0.397,0.391,0.406,0.42,0.42,0.413,0.411,0.406,0.71,0.488,0.425,0.686,0.429,0.0,0.406,0.398,0.609,0.399,0.418,0.666,0.409,0.703,0.409,0.407,0.706,0.721,0.42,0.427,0.427,0.647,0.468
0.492,0.617,0.357,0.424,0.699,0.625,0.548,0.41,0.486,0.415,0.749,0.413,1.0,0.416,0.42,0.567,0.623,0.709,0.729,0.539,0.698,0.793,0.785,0.635,0.606,0.62,0.769,0.423,0.457,0.483,0.403,0.717,0.0,0.775,0.605,0.414,0.543,0.735,0.418,0.768,0.404,0.646,0.74,0.413,0.416,0.41,0.613,0.613,0.412,0.468
0.426,0.423,0.337,0.787,0.405,0.422,0.409,0.694,0.434,0.719,0.41,0.719,0.416,1.0,0.761,0.417,0.418,0.393,0.409,0.4,0.376,0.409,0.412,0.407,0.414,0.411,0.417,0.75,0.468,0.432,0.715,0.416,0.0,0.399,0.392,0.636,0.402,0.411,0.682,0.411,0.728,0.407,0.402,0.726,0.731,0.405,0.404,0.405,0.683,0.473
0.419,0.424,0.328,0.755,0.415,0.421,0.397,0.676,0.431,0.712,0.405,0.837,0.42,0.761,1.0,0.407,0.422,0.393,0.402,0.387,0.38,0.413,0.416,0.408,0.412,0.413,0.415,0.723,0.473,0.423,0.714,0.419,0.0,0.409,0.392,0.622,0.391,0.414,0.685,0.416,0.726,0.411,0.399,0.702,0.709,0.416,0.422,0.421,0.669,0.488
0.469,0.545,0.348,0.417,0.545,0.563,0.949,0.404,0.474,0.405,0.558,0.407,0.567,0.417,0.407,1.0,0.554,0.575,0.586,0.937,0.549,0.589,0.593,0.557,0.549,0.552,0.56,0.416,0.449,0.453,0.394,0.547,0.0,0.564,0.54,0.425,0.941,0.535,0.401,0.549,0.395,0.541,0.535,0.409,0.414,0.409,0.522,0.522,0.421,0.461
0.488,0.715,0.354,0.421,0.602,0.718,0.533,0.42,0.476,0.418,0.631,0.428,0.623,0.418,0.422,0.554,1.0,0.587,0.595,0.521,0.566,0.631,0.627,0.76,0.745,0.76,0.613,0.436,0.453,0.476,0.387,0.634,0.0,0.628,0.707,0.422,0.527,0.603,0.409,0.616,0.392,0.703,0.601,0.432,0.441,0.383,0.682,0.681,0.417,0.449
0.507,0.608,0.345,0.405,0.675,0.609,0.595,0.4,0.461,0.384,0.679,0.398,0.709,0.393,0.393,0.575,0.587,1.0,0.752,0.594,0.737,0.743,0.756,0.612,0.596,0.597,0.715,0.401,0.453,0.456,0.392,0.708,0.0,0.705,0.582,0.432,0.59,0.694,0.409,0.701,0.394,0.622,0.708,0.407,0.409,0.41,0.615,0.616,0.4,0.464
0.492,0.621,0.35,0.42,0.668,0.613,0.587,0.412,0.471,0.398,0.685,0.413,0.729,0.409,0.402,0.586,0.595,0.752,1.0,0.578,0.713,0.754,0.765,0.615,0.607,0.605,0.72,0.422,0.457,0.474,0.404,0.706,0.0,0.713,0.602,0.432,0.578,0.693,0.422,0.714,0.407,0.63,0.699,0.421,0.425,0.416,0.613,0.614,0.415,0.474
0.469,0.531,0.338,0.403,0.546,0.538,0.98,0.409,0.456,0.385,0.526,0.397,0.539,0.4,0.387,0.937,0.521,0.594,0.578,1.0,0.576,0.567,0.588,0.528,0.537,0.525,0.541,0.401,0.441,0.43,0.383,0.551,0.0,0.547,0.516,0.418,0.986,0.529,0.398,0.526,0.387,0.515,0.538,0.408,0.407,0.408,0.506,0.507,0.404,0.448
0.466,0.579,0.338,0.39,0.674,0.571,0.574,0.394,0.443,0.373,0.654,0.391,0.698,0.376,0.38,0.549,0.566,0.737,0.713,0.576,1.0,0.73,0.754,0.564,0.566,0.583,0.692,0.392,0.416,0.447,0.38,0.708,0.0,0.717,0.557,0.405,0.57,0.681,0.397,0.701,0.387,0.579,0.691,0.397,0.395,0.392,0.594,0.595,0.39,0.429
0.483,0.609,0.352,0.418,0.684,0.612,0.576,0.4,0.49,0.396,0.722,0.406,0.793,0.409,0.413,0.589,0.631,0.743,0.754,0.567,0.73,1.0,0.925,0.624,0.615,0.626,0.763,0.413,0.45,0.47,0.394,0.734,0.0,0.88,0.602,0.428,0.566,0.724,0.4,0.751,0.398,0.635,0.738,0.407,0.411,0.398,0.609,0.609,0.408,0.469
0.504,0.625,0.357,0.42,0.703,0.616,0.598,0.411,0.484,0.397,0.71,0.42,0.785,0.412,0.416,0.593,0.627,0.756,0.765,0.588,0.754,0.925,1.0,0.62,0.614,0.621,0.771,0.414,0.463,0.467,0.402,0.759,0.0,0.864,0.596,0.434,0.59,0.745,0.414,0.742,0.409,0.623,0.751,0.416,0.421,0.407,0.621,0.622,0.414,0.466
0.496,0.785,0.355,0.422,0.595,0.788,0.541,0.427,0.482,0.425,0.653,0.42,0.635,0.407,0.408,0.557,0.76,0.612,0.615,0.528,0.564,0.624,0.62,1.0,0.82,0.741,0.615,0.425,0.449,0.486,0.392,0.617,0.0,0.62,0.804,0.421,0.534,0.601,0.406,0.615,0.397,0.726,0.602,0.419,0.429,0.391,0.685,0.685,0.419,0.458
0.486,0.787,0.344,0.426,0.583,0.802,0.541,0.415,0.476,0.414,0.613,0.413,0.606,0.414,0.412,0.549,0.745,0.596,0.607,0.537,0.566,0.615,0.614,0.82,1.0,0.747,0.6,0.422,0.442,0.479,0.392,0.618,0.0,0.602,0.796,0.422,0.537,0.598,0.405,0.604,0.397,0.71,0.587,0.428,0.426,0.381,0.678,0.678,0.425,0.448
0.492,0.714,0.346,0.415,0.594,0.703,0.536,0.411,0.478,0.421,0.636,0.411,0.62,0.411,0.413,0.552,0.76,0.597,0.605,0.525,0.583,0.626,0.621,0.741,0.747,1.0,0.618,0.421,0.436,0.476,0.393,0.611,0.0,0.61,0.707,0.416,0.529,0.601,0.403,0.629,0.394,0.7,0.592,0.428,0.424,0.39,0.681,0.681,0.421,0.45
0.489,0.612,0.352,0.415,0.698,0.611,0.552,0.398,0.482,0.405,0.716,0.406,0.769,0.417,0.415,0.56,0.613,0.715,0.72,0.541,0.692,0.763,0.771,0.615,0.6,0.618,1.0,0.408,0.45,0.472,0.404,0.736,0.0,0.746,0.588,0.415,0.546,0.811,0.393,0.762,0.407,0.636,0.827,0.406,0.408,0.393,0.614,0.614,0.405,0.463
0.434,0.447,0.35,0.767,0.412,0.437,0.412,0.892,0.428,0.72,0.413,0.71,0.423,0.75,0.723,0.416,0.436,0.401,0.422,0.401,0.392,0.413,0.414,0.425,0.422,0.421,0.408,1.0,0.48,0.427,0.718,0.433,0.0,0.406,0.399,0.629,0.403,0.423,0.676,0.416,0.737,0.416,0.399,0.961,0.949,0.41,0.419,0.42,0.674,0.469
0.51,0.471,0.378,0.469,0.46,0.454,0.45,0.479,0.493,0.468,0.441,0.488,0.457,0.468,0.473,0.449,0.453,0.453,0.457,0.441,0.416,0.45,0.463,0.449,0.442,0.436,0.45,0.48,1.0,0.483,0.459,0.47,0.0,0.449,0.42,0.474,0.444,0.456,0.465,0.441,0.458,0.451,0.45,0.48,0.484,0.542,0.444,0.445,0.461,0.817
0.571,0.47,0.375,0.429,0.47,0.48,0.439,0.412,0.61,0.436,0.493,0.425,0.483,0.432,0.423,0.453,0.476,0.456,0.474,0.43,0.447,0.47,0.467,0.486,0.479,0.476,0.472,0.427,0.483,1.0,0.408,0.459,0.0,0.467,0.469,0.426,0.434,0.459,0.417,0.488,0.414,0.483,0.457,0.418,0.424,0.436,0.463,0.463,0.435,0.501
0.413,0.413,0.321,0.721,0.397,0.4,0.392,0.708,0.408,0.735,0.395,0.686,0.403,0.715,0.714,0.394,0.387,0.392,0.404,0.383,0.38,0.394,0.402,0.392,0.392,0.393,0.404,0.718,0.459,0.408,1.0,0.41,0.0,0.39,0.372,0.627,0.387,0.405,0.682,0.402,0.892,0.391,0.393,0.714,0.717,0.398,0.402,0.403,0.671,0.448
0.506,0.629,0.371,0.432,0.692,0.622,0.56,0.429,0.47,0.409,0.682,0.429,0.717,0.416,0.419,0.547,0.634,0.708,0.706,0.551,0.708,0.734,0.759,0.617,0.618,0.611,0.736,0.433,0.47,0.459,0.41,1.0,0.0,0.73,0.579,0.423,0.551,0.755,0.429,0.737,0.413,0.63,0.75,0.437,0.437,0.4,0.64,0.641,0.417,0.455
0.0,0.0,0.0,0.0,0.0,0.0,0.0,0.0,0.0,0.0,0.0,0.0,0.0,0.0,0.0,0.0,0.0,0.0,0.0,0.0,0.0,0.0,0.0,0.0,0.0,0.0,0.0,0.0,0.0,0.0,0.0,0.0,1.0,0.0,0.0,0.0,0.0,0.0,0.0,0.0,0.0,0.0,0.0,0.0,0.0,0.0,0.0,0.0,0.0,0.0
0.485,0.607,0.361,0.409,0.68,0.615,0.558,0.394,0.477,0.387,0.699,0.406,0.775,0.399,0.409,0.564,0.628,0.705,0.713,0.547,0.717,0.88,0.864,0.62,0.602,0.61,0.746,0.406,0.449,0.467,0.39,0.73,0.0,1.0,0.592,0.431,0.551,0.724,0.406,0.734,0.388,0.622,0.732,0.399,0.404,0.39,0.603,0.602,0.401,0.453
0.463,0.741,0.323,0.401,0.565,0.772,0.529,0.389,0.462,0.399,0.631,0.398,0.605,0.392,0.392,0.54,0.707,0.582,0.602,0.516,0.557,0.602,0.596,0.804,0.796,0.707,0.588,0.399,0.42,0.469,0.372,0.579,0.0,0.592,1.0,0.41,0.52,0.572,0.394,0.595,0.375,0.693,0.582,0.391,0.399,0.367,0.651,0.651,0.39,0.428
0.431,0.426,0.332,0.629,0.406,0.436,0.428,0.612,0.44,0.623,0.413,0.609,0.414,0.636,0.622,0.425,0.422,0.432,0.432,0.418,0.405,0.428,0.434,0.421,0.422,0.416,0.415,0.629,0.474,0.426,0.627,0.423,0.0,0.431,0.41,1.0,0.421,0.405,0.663,0.419,0.632,0.414,0.404,0.628,0.634,0.404,0.42,0.421,0.618,0.477
0.47,0.536,0.338,0.404,0.543,0.541,0.985,0.407,0.459,0.389,0.529,0.399,0.543,0.402,0.391,0.941,0.527,0.59,0.578,0.986,0.57,0.566,0.59,0.534,0.537,0.529,0.546,0.403,0.444,0.434,0.387,0.551,0.0,0.551,0.52,0.421,1.0,0.535,0.4,0.529,0.389,0.517,0.54,0.41,0.409,0.407,0.509,0.51,0.408,0.449
0.505,0.641,0.356,0.412,0.703,0.62,0.536,0.44,0.453,0.405,0.682,0.418,0.735,0.411,0.414,0.535,0.603,0.694,0.693,0.529,0.681,0.724,0.745,0.601,0.598,0.601,0.811,0.423,0.456,0.459,0.405,0.755,0.0,0.724,0.572,0.405,0.535,1.0,0.406,0.737,0.415,0.624,0.849,0.428,0.412,0.407,0.636,0.638,0.411,0.449
0.416,0.419,0.33,0.677,0.403,0.433,0.407,0.666,0.413,0.678,0.405,0.666,0.418,0.682,0.685,0.401,0.409,0.409,0.422,0.398,0.397,0.4,0.414,0.406,0.405,0.403,0.393,0.676,0.465,0.417,0.682,0.429,0.0,0.406,0.394,0.663,0.4,0.406,1.0,0.402,0.685,0.411,0.396,0.675,0.681,0.402,0.418,0.419,0.642,0.453
0.497,0.609,0.358,0.416,0.682,0.63,0.534,0.41,0.489,0.405,0.721,0.409,0.768,0.411,0.416,0.549,0.616,0.701,0.714,0.526,0.701,0.751,0.742,0.615,0.604,0.629,0.762,0.416,0.441,0.488,0.402,0.737,0.0,0.734,0.595,0.419,0.529,0.737,0.402,1.0,0.406,0.64,0.748,0.411,0.412,0.416,0.636,0.636,0.413,0.471
0.422,0.418,0.326,0.737,0.411,0.409,0.396,0.712,0.406,0.736,0.399,0.703,0.404,0.728,0.726,0.395,0.392,0.394,0.407,0.387,0.387,0.398,0.409,0.397,0.397,0.394,0.407,0.737,0.458,0.414,0.892,0.413,0.0,0.388,0.375,0.632,0.389,0.415,0.685,0.406,1.0,0.398,0.4,0.737,0.733,0.407,0.409,0.41,0.669,0.45
0.481,0.69,0.351,0.413,0.613,0.701,0.525,0.408,0.479,0.394,0.644,0.409,0.646,0.407,0.411,0.541,0.703,0.622,0.63,0.515,0.579,0.635,0.623,0.726,0.71,0.7,0.636,0.416,0.451,0.483,0.391,0.63,0.0,0.622,0.693,0.414,0.517,0.624,0.411,0.64,0.398,1.0,0.645,0.407,0.412,0.386,0.717,0.716,0.406,0.457
0.492,0.615,0.355,0.4,0.701,0.605,0.542,0.407,0.463,0.388,0.691,0.407,0.74,0.402,0.399,0.535,0.601,0.708,0.699,0.538,0.691,0.738,0.751,0.602,0.587,0.592,0.827,0.399,0.45,0.457,0.393,0.75,0.0,0.732,0.582,0.404,0.54,0.849,0.396,0.748,0.4,0.645,1.0,0.404,0.402,0.405,0.628,0.629,0.395,0.451
0.44,0.459,0.349,0.748,0.417,0.431,0.416,0.901,0.421,0.702,0.406,0.706,0.413,0.726,0.702,0.409,0.432,0.407,0.421,0.408,0.397,0.407,0.416,0.419,0.428,0.428,0.406,0.961,0.48,0.418,0.714,0.437,0.0,0.399,0.391,0.628,0.41,0.428,0.675,0.411,0.737,0.407,0.404,1.0,0.957,0.419,0.419,0.42,0.673,0.461
0.449,0.46,0.348,0.752,0.419,0.439,0.419,0.878,0.425,0.715,0.411,0.721,0.416,0.731,0.709,0.414,0.441,0.409,0.425,0.407,0.395,0.411,0.421,0.429,0.426,0.424,0.408,0.949,0.484,0.424,0.717,0.437,0.0,0.404,0.399,0.634,0.409,0.412,0.681,0.412,0.733,0.412,0.402,0.957,1.0,0.418,0.428,0.428,0.663,0.466
0.462,0.404,0.317,0.422,0.424,0.405,0.408,0.417,0.432,0.402,0.409,0.42,0.41,0.405,0.416,0.409,0.383,0.41,0.416,0.408,0.392,0.398,0.407,0.391,0.381,0.39,0.393,0.41,0.542,0.436,0.398,0.4,0.0,0.39,0.367,0.404,0.407,0.407,0.402,0.416,0.407,0.386,0.405,0.419,0.418,1.0,0.414,0.413,0.422,0.599
0.473,0.697,0.354,0.409,0.629,0.702,0.517,0.411,0.467,0.399,0.605,0.427,0.613,0.404,0.422,0.522,0.682,0.615,0.613,0.506,0.594,0.609,0.621,0.685,0.678,0.681,0.614,0.419,0.444,0.463,0.402,0.64,0.0,0.603,0.651,0.42,0.509,0.636,0.418,0.636,0.409,0.717,0.628,0.419,0.428,0.414,1.0,0.996,0.418,0.456
0.473,0.699,0.355,0.409,0.629,0.701,0.518,0.413,0.465,0.4,0.605,0.427,0.613,0.405,0.421,0.522,0.681,0.616,0.614,0.507,0.595,0.609,0.622,0.685,0.678,0.681,0.614,0.42,0.445,0.463,0.403,0.641,0.0,0.602,0.651,0.421,0.51,0.638,0.419,0.636,0.41,0.716,0.629,0.42,0.428,0.413,0.996,1.0,0.419,0.456
0.42,0.437,0.343,0.674,0.41,0.431,0.414,0.647,0.416,0.674,0.407,0.647,0.412,0.683,0.669,0.421,0.417,0.4,0.415,0.404,0.39,0.408,0.414,0.419,0.425,0.421,0.405,0.674,0.461,0.435,0.671,0.417,0.0,0.401,0.39,0.618,0.408,0.411,0.642,0.413,0.669,0.406,0.395,0.673,0.663,0.422,0.418,0.419,1.0,0.471
0.505,0.461,0.382,0.475,0.447,0.473,0.456,0.456,0.51,0.462,0.462,0.468,0.468,0.473,0.488,0.461,0.449,0.464,0.474,0.448,0.429,0.469,0.466,0.458,0.448,0.45,0.463,0.469,0.817,0.501,0.448,0.455,0.0,0.453,0.428,0.477,0.449,0.449,0.453,0.471,0.45,0.457,0.451,0.461,0.466,0.599,0.456,0.456,0.471,1.0
