GCF_000163235.1_ASM16323v1_genomic.fna,GCF_000164555.1_ASM16455v1_genomic.fna,GCF_000208545.1_ASM20854v2_genomic.fna,GCF_000233875.1_ASM23387v1_genomic.fna,GCF_000249735.1_ASM24973v2_genomic.fna,GCF_000261145.1_Esch_coli_M919_V2_genomic.fna,GCF_000267705.2_ASM26770v2_genomic.fna,GCF_000350665.1_Esch_coli_KTE5_V1_genomic.fna,GCF_000351625.1_Esch_coli_KTE66_V1_genomic.fna,GCF_000352285.1_Esch_coli_KTE46_V1_genomic.fna,GCF_000358895.1_ASM35889v1_genomic.fna,GCF_000456385.1_Esch_coli_HVH_26_4-5703913_V1_genomic.fna,GCF_000458195.1_Esch_coli_HVH_147_4-5893887_V1_genomic.fna,GCF_000459755.1_Esch_coli_KOEGE_58_171a_V1_genomic.fna,GCF_000460055.1_Esch_coli_UMEA_3053-1_V1_genomic.fna,GCF_000462165.2_ASM46216v2_genomic.fna,GCF_000601135.1_ASM60113v1_genomic.fna,GCF_000614595.1_Ec2010EL1058_genomic.fna,GCF_000617745.1_Ec2010C-4529_genomic.fna,GCF_000618265.2_EcF6751_genomic.fna,GCF_000619005.2_Ec2009C-4052_genomic.fna,GCF_000619105.1_Ec2009C-4780_genomic.fna,GCF_000619765.2_Ec2009C-3279_genomic.fna,GCF_000687005.1_ASM68700v1_genomic.fna,GCF_000687025.1_ASM68702v1_genomic.fna,GCF_000700125.1_ASM70012v1_genomic.fna,GCF_000753315.1_FHI35_genomic.fna,GCF_000776375.1_ASM77637v1_genomic.fna,GCF_000779395.1_ASM77939v1_genomic.fna,GCF_000780315.1_ASM78031v1_genomic.fna,GCF_000781995.1_ASM78199v1_genomic.fna,GCF_000986765.1_ASM98676v1_genomic.fna,GCF_001041375.1_ViralProj287958_genomic.fna,GCF_001265335.1_302014_genomic.fna,GCF_001265625.1_100854_genomic.fna,GCF_001267345.1_303289_genomic.fna,GCF_001309985.1_ASM130998v1_genomic.fna,GCF_001521695.1_ASM152169v1_genomic.fna,GCF_001592595.1_ASM159259v1_genomic.fna,GCF_001614975.1_ASM161497v1_genomic.fna,GCF_001692775.1_ASM169277v1_genomic.fna,GCF_001748915.1_ASM174891v1_genomic.fna,GCF_001749235.1_ASM174923v1_genomic.fna,GCF_001881155.1_ASM188115v1_genomic.fna,GCF_001881345.1_ASM188134v1_genomic.fna,GCF_001892405.1_ASM189240v1_genomic.fna,GCF_001892585.1_ASM189258v1_genomic.fna,GCF_001893985.1_ASM189398v1_genomic.fna,GCF_002001595.1_ASM200159v1_genomic.fna,GCF_002002145.1_ASM200214v1_genomic.fna
1.0,0.585,0.502,0.514,0.558,0.568,0.558,0.524,0.658,0.541,0.55,0.526,0.553,0.526,0.502,0.565,0.548,0.563,0.549,0.551,0.532,0.556,0.568,0.571,0.557,0.552,0.555,0.516,0.59,0.647,0.501,0.553,0.0,0.546,0.521,0.525,0.552,0.573,0.516,0.556,0.522,0.55,0.559,0.51,0.521,0.506,0.543,0.543,0.499,0.584
0.585,1.0,0.464,0.542,0.685,0.814,0.61,0.547,0.563,0.556,0.657,0.549,0.662,0.53,0.523,0.617,0.75,0.672,0.655,0.602,0.646,0.658,0.672,0.816,0.836,0.755,0.661,0.546,0.565,0.563,0.513,0.687,0.0,0.654,0.773,0.517,0.605,0.698,0.533,0.676,0.534,0.726,0.672,0.555,0.55,0.482,0.734,0.733,0.546,0.558
0.502,0.464,1.0,0.426,0.462,0.451,0.442,0.428,0.49,0.428,0.449,0.416,0.454,0.436,0.416,0.448,0.451,0.452,0.446,0.435,0.437,0.457,0.458,0.462,0.462,0.452,0.449,0.432,0.481,0.508,0.394,0.454,0.0,0.452,0.428,0.426,0.437,0.462,0.423,0.452,0.417,0.445,0.466,0.423,0.413,0.415,0.453,0.453,0.438,0.474
0.514,0.542,0.426,1.0,0.535,0.528,0.506,0.761,0.513,0.773,0.521,0.771,0.521,0.813,0.806,0.51,0.528,0.525,0.511,0.501,0.5,0.519,0.527,0.54,0.545,0.529,0.527,0.796,0.555,0.51,0.742,0.534,0.0,0.51,0.502,0.674,0.502,0.544,0.726,0.522,0.767,0.517,0.538,0.773,0.769,0.498,0.511,0.51,0.733,0.539
0.558,0.685,0.462,0.535,1.0,0.7,0.609,0.536,0.556,0.539,0.796,0.534,0.75,0.542,0.529,0.62,0.687,0.723,0.717,0.603,0.724,0.722,0.728,0.698,0.691,0.698,0.743,0.533,0.558,0.552,0.501,0.723,0.0,0.718,0.662,0.517,0.605,0.749,0.519,0.751,0.527,0.682,0.761,0.517,0.519,0.48,0.692,0.693,0.538,0.534
0.568,0.814,0.451,0.528,0.7,1.0,0.619,0.543,0.561,0.528,0.661,0.524,0.671,0.532,0.515,0.622,0.74,0.691,0.663,0.61,0.649,0.663,0.682,0.796,0.823,0.733,0.667,0.53,0.559,0.553,0.509,0.694,0.0,0.662,0.765,0.524,0.613,0.693,0.557,0.686,0.528,0.732,0.685,0.529,0.528,0.486,0.739,0.74,0.518,0.557
0.558,0.61,0.442,0.506,0.609,0.619,1.0,0.518,0.561,0.505,0.603,0.499,0.596,0.514,0.492,0.965,0.603,0.645,0.633,0.987,0.627,0.627,0.643,0.613,0.614,0.592,0.602,0.504,0.535,0.543,0.49,0.61,0.0,0.602,0.582,0.516,0.99,0.59,0.52,0.613,0.499,0.614,0.609,0.508,0.512,0.476,0.598,0.598,0.492,0.557
0.524,0.547,0.428,0.761,0.536,0.543,0.518,1.0,0.508,0.767,0.513,0.752,0.523,0.772,0.739,0.524,0.526,0.534,0.526,0.514,0.498,0.514,0.527,0.549,0.542,0.534,0.527,0.913,0.562,0.517,0.744,0.527,0.0,0.514,0.498,0.661,0.514,0.55,0.721,0.532,0.765,0.526,0.536,0.896,0.888,0.491,0.52,0.519,0.701,0.541
0.658,0.563,0.49,0.513,0.556,0.561,0.561,0.508,1.0,0.519,0.545,0.513,0.547,0.526,0.514,0.566,0.555,0.571,0.55,0.555,0.53,0.557,0.562,0.562,0.558,0.553,0.554,0.507,0.581,0.642,0.486,0.551,0.0,0.542,0.522,0.524,0.556,0.551,0.511,0.548,0.506,0.56,0.557,0.498,0.497,0.524,0.55,0.549,0.509,0.582
0.541,0.556,0.428,0.773,0.539,0.528,0.505,0.767,0.519,1.0,0.518,0.76,0.521,0.765,0.76,0.514,0.523,0.527,0.514,0.501,0.501,0.514,0.521,0.532,0.538,0.522,0.529,0.776,0.557,0.518,0.764,0.519,0.0,0.508,0.49,0.669,0.502,0.536,0.734,0.52,0.782,0.522,0.529,0.757,0.766,0.487,0.518,0.517,0.731,0.524
0.55,0.657,0.449,0.521,0.796,0.661,0.603,0.513,0.545,0.518,1.0,0.505,0.79,0.525,0.502,0.61,0.662,0.728,0.726,0.597,0.718,0.734,0.733,0.705,0.658,0.694,0.75,0.514,0.537,0.545,0.485,0.708,0.0,0.716,0.701,0.513,0.598,0.73,0.508,0.76,0.502,0.682,0.751,0.5,0.499,0.473,0.668,0.668,0.517,0.538
0.526,0.549,0.416,0.771,0.534,0.524,0.499,0.752,0.513,0.76,0.505,1.0,0.511,0.767,0.879,0.506,0.519,0.526,0.506,0.494,0.494,0.516,0.525,0.527,0.531,0.522,0.52,0.764,0.558,0.515,0.725,0.53,0.0,0.507,0.489,0.65,0.495,0.54,0.725,0.513,0.758,0.512,0.527,0.751,0.751,0.496,0.516,0.516,0.703,0.542
0.553,0.662,0.454,0.521,0.75,0.671,0.596,0.523,0.547,0.521,0.79,0.511,1.0,0.523,0.504,0.604,0.673,0.743,0.756,0.591,0.759,0.8,0.799,0.712,0.665,0.691,0.795,0.517,0.541,0.553,0.487,0.746,0.0,0.784,0.685,0.51,0.593,0.766,0.51,0.812,0.507,0.687,0.78,0.503,0.502,0.47,0.682,0.681,0.518,0.525
0.526,0.53,0.436,0.813,0.542,0.532,0.514,0.772,0.526,0.765,0.525,0.767,0.523,1.0,0.789,0.518,0.525,0.532,0.522,0.51,0.503,0.522,0.535,0.527,0.538,0.525,0.528,0.798,0.566,0.521,0.752,0.539,0.0,0.514,0.49,0.684,0.511,0.543,0.734,0.526,0.782,0.513,0.532,0.774,0.774,0.496,0.509,0.508,0.738,0.541
0.502,0.523,0.416,0.806,0.529,0.515,0.492,0.739,0.514,0.76,0.502,0.879,0.504,0.789,1.0,0.498,0.51,0.522,0.499,0.487,0.487,0.511,0.518,0.511,0.526,0.509,0.517,0.759,0.554,0.506,0.741,0.524,0.0,0.501,0.48,0.655,0.488,0.53,0.734,0.507,0.769,0.505,0.525,0.742,0.742,0.487,0.51,0.509,0.718,0.547
0.565,0.617,0.448,0.51,0.62,0.622,0.965,0.524,0.566,0.514,0.61,0.506,0.604,0.518,0.498,1.0,0.614,0.645,0.637,0.957,0.62,0.632,0.644,0.619,0.618,0.6,0.604,0.512,0.54,0.553,0.49,0.612,0.0,0.604,0.588,0.525,0.962,0.597,0.522,0.619,0.508,0.622,0.613,0.509,0.513,0.476,0.607,0.607,0.502,0.555
0.548,0.75,0.451,0.528,0.687,0.74,0.603,0.526,0.555,0.523,0.662,0.519,0.673,0.525,0.51,0.614,1.0,0.672,0.671,0.596,0.656,0.687,0.682,0.778,0.772,0.779,0.666,0.53,0.544,0.549,0.493,0.707,0.0,0.679,0.722,0.516,0.597,0.683,0.527,0.674,0.505,0.716,0.695,0.523,0.525,0.461,0.731,0.73,0.513,0.536
0.563,0.672,0.452,0.525,0.723,0.691,0.645,0.534,0.571,0.527,0.728,0.526,0.743,0.532,0.522,0.645,0.672,1.0,0.795,0.638,0.746,0.774,0.786,0.681,0.678,0.673,0.758,0.525,0.552,0.554,0.504,0.749,0.0,0.728,0.645,0.544,0.64,0.741,0.533,0.75,0.519,0.688,0.757,0.519,0.519,0.491,0.686,0.686,0.509,0.553
0.549,0.655,0.446,0.511,0.717,0.663,0.633,0.526,0.55,0.514,0.726,0.506,0.756,0.522,0.499,0.637,0.671,0.795,1.0,0.625,0.754,0.776,0.787,0.672,0.666,0.662,0.765,0.52,0.541,0.544,0.488,0.739,0.0,0.728,0.638,0.521,0.627,0.743,0.522,0.756,0.503,0.676,0.755,0.504,0.507,0.466,0.673,0.674,0.512,0.536
0.551,0.602,0.435,0.501,0.603,0.61,0.987,0.514,0.555,0.501,0.597,0.494,0.591,0.51,0.487,0.957,0.596,0.638,0.625,1.0,0.622,0.618,0.637,0.606,0.608,0.585,0.598,0.501,0.527,0.538,0.489,0.605,0.0,0.594,0.574,0.512,0.993,0.584,0.518,0.609,0.495,0.606,0.603,0.505,0.51,0.475,0.591,0.591,0.488,0.55
0.532,0.646,0.437,0.5,0.724,0.649,0.627,0.498,0.53,0.501,0.718,0.494,0.759,0.503,0.487,0.62,0.656,0.746,0.754,0.622,1.0,0.779,0.786,0.684,0.657,0.678,0.765,0.501,0.522,0.537,0.472,0.73,0.0,0.755,0.656,0.509,0.623,0.734,0.498,0.761,0.489,0.656,0.756,0.482,0.481,0.464,0.674,0.673,0.494,0.52
0.556,0.658,0.457,0.519,0.722,0.663,0.627,0.514,0.557,0.514,0.734,0.516,0.8,0.522,0.511,0.632,0.687,0.774,0.776,0.618,0.779,1.0,0.924,0.694,0.668,0.69,0.785,0.516,0.544,0.545,0.485,0.742,0.0,0.884,0.654,0.521,0.622,0.757,0.511,0.779,0.502,0.673,0.775,0.5,0.497,0.465,0.672,0.671,0.514,0.533
0.568,0.672,0.458,0.527,0.728,0.682,0.643,0.527,0.562,0.521,0.733,0.525,0.799,0.535,0.518,0.644,0.682,0.786,0.787,0.637,0.786,0.924,1.0,0.691,0.683,0.682,0.784,0.521,0.552,0.552,0.491,0.76,0.0,0.861,0.653,0.534,0.638,0.764,0.522,0.779,0.509,0.683,0.776,0.51,0.508,0.476,0.681,0.68,0.511,0.54
0.571,0.816,0.462,0.54,0.698,0.796,0.613,0.549,0.562,0.532,0.705,0.527,0.712,0.527,0.511,0.619,0.778,0.681,0.672,0.606,0.684,0.694,0.691,1.0,0.824,0.782,0.691,0.536,0.557,0.556,0.502,0.691,0.0,0.69,0.837,0.525,0.606,0.684,0.522,0.703,0.521,0.736,0.694,0.521,0.524,0.474,0.734,0.733,0.526,0.544
0.557,0.836,0.462,0.545,0.691,0.823,0.614,0.542,0.558,0.538,0.658,0.531,0.665,0.538,0.526,0.618,0.772,0.678,0.666,0.608,0.657,0.668,0.683,0.824,1.0,0.786,0.668,0.544,0.558,0.548,0.506,0.703,0.0,0.659,0.784,0.523,0.611,0.689,0.54,0.679,0.524,0.722,0.683,0.547,0.536,0.482,0.734,0.733,0.551,0.542
0.552,0.755,0.452,0.529,0.698,0.733,0.592,0.534,0.553,0.522,0.694,0.522,0.691,0.525,0.509,0.6,0.779,0.673,0.662,0.585,0.678,0.69,0.682,0.782,0.786,1.0,0.684,0.535,0.547,0.548,0.488,0.676,0.0,0.673,0.739,0.52,0.586,0.682,0.521,0.698,0.51,0.728,0.682,0.532,0.518,0.478,0.731,0.73,0.543,0.543
0.555,0.661,0.449,0.527,0.743,0.667,0.602,0.527,0.554,0.529,0.75,0.52,0.795,0.528,0.517,0.604,0.666,0.758,0.765,0.598,0.765,0.785,0.784,0.691,0.668,0.684,1.0,0.519,0.546,0.547,0.5,0.753,0.0,0.759,0.651,0.521,0.597,0.832,0.512,0.787,0.524,0.682,0.853,0.51,0.507,0.475,0.67,0.67,0.524,0.533
0.516,0.546,0.432,0.796,0.533,0.53,0.504,0.913,0.507,0.776,0.514,0.764,0.517,0.798,0.759,0.512,0.53,0.525,0.52,0.501,0.501,0.516,0.521,0.536,0.544,0.535,0.519,1.0,0.562,0.518,0.75,0.534,0.0,0.51,0.494,0.665,0.501,0.553,0.72,0.521,0.777,0.525,0.528,0.956,0.937,0.491,0.519,0.519,0.725,0.535
0.59,0.565,0.481,0.555,0.558,0.559,0.535,0.562,0.581,0.557,0.537,0.558,0.541,0.566,0.554,0.54,0.544,0.552,0.541,0.527,0.522,0.544,0.552,0.557,0.558,0.547,0.546,0.562,1.0,0.585,0.524,0.542,0.0,0.534,0.522,0.55,0.531,0.553,0.543,0.538,0.539,0.542,0.546,0.542,0.543,0.602,0.533,0.532,0.537,0.823
0.647,0.563,0.508,0.51,0.552,0.553,0.543,0.517,0.642,0.518,0.545,0.515,0.553,0.521,0.506,0.553,0.549,0.554,0.544,0.538,0.537,0.545,0.552,0.556,0.548,0.548,0.547,0.518,0.585,1.0,0.502,0.54,0.0,0.527,0.524,0.511,0.54,0.556,0.512,0.564,0.521,0.56,0.55,0.514,0.51,0.537,0.551,0.552,0.499,0.584
0.501,0.513,0.394,0.742,0.501,0.509,0.49,0.744,0.486,0.764,0.485,0.725,0.487,0.752,0.741,0.49,0.493,0.504,0.488,0.489,0.472,0.485,0.491,0.502,0.506,0.488,0.5,0.75,0.524,0.502,1.0,0.502,0.0,0.478,0.462,0.624,0.489,0.51,0.712,0.49,0.897,0.5,0.499,0.752,0.751,0.48,0.49,0.491,0.676,0.512
0.553,0.687,0.454,0.534,0.723,0.694,0.61,0.527,0.551,0.519,0.708,0.53,0.746,0.539,0.524,0.612,0.707,0.749,0.739,0.605,0.73,0.742,0.76,0.691,0.703,0.676,0.753,0.534,0.542,0.54,0.502,1.0,0.0,0.73,0.641,0.513,0.606,0.768,0.538,0.756,0.516,0.696,0.774,0.529,0.532,0.468,0.706,0.708,0.515,0.536
0.0,0.0,0.0,0.0,0.0,0.0,0.0,0.0,0.0,0.0,0.0,0.0,0.0,0.0,0.0,0.0,0.0,0.0,0.0,0.0,0.0,0.0,0.0,0.0,0.0,0.0,0.0,0.0,0.0,0.0,0.0,0.0,1.0,0.0,0.0,0.0,0.0,0.0,0.0,0.0,0.0,0.0,0.0,0.0,0.0,0.0,0.0,0.0,0.0,0.0
0.546,0.654,0.452,0.51,0.718,0.662,0.602,0.514,0.542,0.508,0.716,0.507,0.784,0.514,0.501,0.604,0.679,0.728,0.728,0.594,0.755,0.884,0.861,0.69,0.659,0.673,0.759,0.51,0.534,0.527,0.478,0.73,0.0,1.0,0.645,0.524,0.596,0.744,0.508,0.763,0.493,0.659,0.763,0.494,0.493,0.451,0.666,0.666,0.504,0.522
0.521,0.773,0.428,0.502,0.662,0.765,0.582,0.498,0.522,0.49,0.701,0.489,0.685,0.49,0.48,0.588,0.722,0.645,0.638,0.574,0.656,0.654,0.653,0.837,0.784,0.739,0.651,0.494,0.522,0.524,0.462,0.641,0.0,0.645,1.0,0.485,0.578,0.649,0.495,0.67,0.479,0.691,0.661,0.478,0.482,0.443,0.694,0.693,0.491,0.51
0.525,0.517,0.426,0.674,0.517,0.524,0.516,0.661,0.524,0.669,0.513,0.65,0.51,0.684,0.655,0.525,0.516,0.544,0.521,0.512,0.509,0.521,0.534,0.525,0.523,0.52,0.521,0.665,0.55,0.511,0.624,0.513,0.0,0.524,0.485,1.0,0.512,0.517,0.68,0.529,0.652,0.517,0.519,0.646,0.647,0.486,0.494,0.493,0.643,0.536
0.552,0.605,0.437,0.502,0.605,0.613,0.99,0.514,0.556,0.502,0.598,0.495,0.593,0.511,0.488,0.962,0.597,0.64,0.627,0.993,0.623,0.622,0.638,0.606,0.611,0.586,0.597,0.501,0.531,0.54,0.489,0.606,0.0,0.596,0.578,0.512,1.0,0.586,0.518,0.611,0.496,0.609,0.604,0.505,0.51,0.475,0.593,0.593,0.489,0.551
0.573,0.698,0.462,0.544,0.749,0.693,0.59,0.55,0.551,0.536,0.73,0.54,0.766,0.543,0.53,0.597,0.683,0.741,0.743,0.584,0.734,0.757,0.764,0.684,0.689,0.682,0.832,0.553,0.553,0.556,0.51,0.768,0.0,0.744,0.649,0.517,0.586,1.0,0.534,0.775,0.531,0.695,0.866,0.537,0.525,0.483,0.704,0.704,0.542,0.533
0.516,0.533,0.423,0.726,0.519,0.557,0.52,0.721,0.511,0.734,0.508,0.725,0.51,0.734,0.734,0.522,0.527,0.533,0.522,0.518,0.498,0.511,0.522,0.522,0.54,0.521,0.512,0.72,0.543,0.512,0.712,0.538,0.0,0.508,0.495,0.68,0.518,0.534,1.0,0.516,0.723,0.525,0.532,0.729,0.729,0.492,0.519,0.519,0.682,0.538
0.556,0.676,0.452,0.522,0.751,0.686,0.613,0.532,0.548,0.52,0.76,0.513,0.812,0.526,0.507,0.619,0.674,0.75,0.756,0.609,0.761,0.779,0.779,0.703,0.679,0.698,0.787,0.521,0.538,0.564,0.49,0.756,0.0,0.763,0.67,0.529,0.611,0.775,0.516,1.0,0.51,0.692,0.795,0.506,0.515,0.478,0.705,0.704,0.518,0.544
0.522,0.534,0.417,0.767,0.527,0.528,0.499,0.765,0.506,0.782,0.502,0.758,0.507,0.782,0.769,0.508,0.505,0.519,0.503,0.495,0.489,0.502,0.509,0.521,0.524,0.51,0.524,0.777,0.539,0.521,0.897,0.516,0.0,0.493,0.479,0.652,0.496,0.531,0.723,0.51,1.0,0.521,0.516,0.77,0.764,0.485,0.509,0.51,0.705,0.524
0.55,0.726,0.445,0.517,0.682,0.732,0.614,0.526,0.56,0.522,0.682,0.512,0.687,0.513,0.505,0.622,0.716,0.688,0.676,0.606,0.656,0.673,0.683,0.736,0.722,0.728,0.682,0.525,0.542,0.56,0.5,0.696,0.0,0.659,0.691,0.517,0.609,0.695,0.525,0.692,0.521,1.0,0.711,0.52,0.517,0.476,0.759,0.76,0.499,0.539
0.559,0.672,0.466,0.538,0.761,0.685,0.609,0.536,0.557,0.529,0.751,0.527,0.78,0.532,0.525,0.613,0.695,0.757,0.755,0.603,0.756,0.775,0.776,0.694,0.683,0.682,0.853,0.528,0.546,0.55,0.499,0.774,0.0,0.763,0.661,0.519,0.604,0.866,0.532,0.795,0.516,0.711,1.0,0.515,0.513,0.483,0.698,0.698,0.525,0.54
0.51,0.555,0.423,0.773,0.517,0.529,0.508,0.896,0.498,0.757,0.5,0.751,0.503,0.774,0.742,0.509,0.523,0.519,0.504,0.505,0.482,0.5,0.51,0.521,0.547,0.532,0.51,0.956,0.542,0.514,0.752,0.529,0.0,0.494,0.478,0.646,0.505,0.537,0.729,0.506,0.77,0.52,0.515,1.0,0.956,0.502,0.508,0.509,0.713,0.538
0.521,0.55,0.413,0.769,0.519,0.528,0.512,0.888,0.497,0.766,0.499,0.751,0.502,0.774,0.742,0.513,0.525,0.519,0.507,0.51,0.481,0.497,0.508,0.524,0.536,0.518,0.507,0.937,0.543,0.51,0.751,0.532,0.0,0.493,0.482,0.647,0.51,0.525,0.729,0.515,0.764,0.517,0.513,0.956,1.0,0.496,0.513,0.514,0.702,0.537
0.506,0.482,0.415,0.498,0.48,0.486,0.476,0.491,0.524,0.487,0.473,0.496,0.47,0.496,0.487,0.476,0.461,0.491,0.466,0.475,0.464,0.465,0.476,0.474,0.482,0.478,0.475,0.491,0.602,0.537,0.48,0.468,0.0,0.451,0.443,0.486,0.475,0.483,0.492,0.478,0.485,0.476,0.483,0.502,0.496,1.0,0.502,0.502,0.484,0.669
0.543,0.734,0.453,0.511,0.692,0.739,0.598,0.52,0.55,0.518,0.668,0.516,0.682,0.509,0.51,0.607,0.731,0.686,0.673,0.591,0.674,0.672,0.681,0.734,0.734,0.731,0.67,0.519,0.533,0.551,0.49,0.706,0.0,0.666,0.694,0.494,0.593,0.704,0.519,0.705,0.509,0.759,0.698,0.508,0.513,0.502,1.0,0.996,0.503,0.551
0.543,0.733,0.453,0.51,0.693,0.74,0.598,0.519,0.549,0.517,0.668,0.516,0.681,0.508,0.509,0.607,0.73,0.686,0.674,0.591,0.673,0.671,0.68,0.733,0.733,0.73,0.67,0.519,0.532,0.552,0.491,0.708,0.0,0.666,0.693,0.493,0.593,0.704,0.519,0.704,0.51,0.76,0.698,0.509,0.514,0.502,0.996,1.0,0.502,0.551
0.499,0.546,0.438,0.733,0.538,0.518,0.492,0.701,0.509,0.731,0.517,0.703,0.518,0.738,0.718,0.502,0.513,0.509,0.512,0.488,0.494,0.514,0.511,0.526,0.551,0.543,0.524,0.725,0.537,0.499,0.676,0.515,0.0,0.504,0.491,0.643,0.489,0.542,0.682,0.518,0.705,0.499,0.525,0.713,0.702,0.484,0.503,0.502,1.0,0.516
0.584,0.558,0.474,0.539,0.534,0.557,0.557,0.541,0.582,0.524,0.538,0.542,0.525,0.541,0.547,0.555,0.536,0.553,0.536,0.55,0.52,0.533,0.54,0.544,0.542,0.543,0.533,0.535,0.823,0.584,0.512,0.536,0.0,0.522,0.51,0.536,0.551,0.533,0.538,0.544,0.524,0.539,0.54,0.538,0.537,0.669,0.551,0.551,0.516,1.0
