GCF_000163235.1_ASM16323v1_genomic.fna,GCF_000164555.1_ASM16455v1_genomic.fna,GCF_000208545.1_ASM20854v2_genomic.fna,GCF_000233875.1_ASM23387v1_genomic.fna,GCF_000249735.1_ASM24973v2_genomic.fna,GCF_000261145.1_Esch_coli_M919_V2_genomic.fna,GCF_000267705.2_ASM26770v2_genomic.fna,GCF_000350665.1_Esch_coli_KTE5_V1_genomic.fna,GCF_000351625.1_Esch_coli_KTE66_V1_genomic.fna,GCF_000352285.1_Esch_coli_KTE46_V1_genomic.fna,GCF_000358895.1_ASM35889v1_genomic.fna,GCF_000456385.1_Esch_coli_HVH_26_4-5703913_V1_genomic.fna,GCF_000458195.1_Esch_coli_HVH_147_4-5893887_V1_genomic.fna,GCF_000459755.1_Esch_coli_KOEGE_58_171a_V1_genomic.fna,GCF_000460055.1_Esch_coli_UMEA_3053-1_V1_genomic.fna,GCF_000462165.2_ASM46216v2_genomic.fna,GCF_000601135.1_ASM60113v1_genomic.fna,GCF_000614595.1_Ec2010EL1058_genomic.fna,GCF_000617745.1_Ec2010C-4529_genomic.fna,GCF_000618265.2_EcF6751_genomic.fna,GCF_000619005.2_Ec2009C-4052_genomic.fna,GCF_000619105.1_Ec2009C-4780_genomic.fna,GCF_000619765.2_Ec2009C-3279_genomic.fna,GCF_000687005.1_ASM68700v1_genomic.fna,GCF_000687025.1_ASM68702v1_genomic.fna,GCF_000700125.1_ASM70012v1_genomic.fna,GCF_000753315.1_FHI35_genomic.fna,GCF_000776375.1_ASM77637v1_genomic.fna,GCF_000779395.1_ASM77939v1_genomic.fna,GCF_000780315.1_ASM78031v1_genomic.fna,GCF_000781995.1_ASM78199v1_genomic.fna,GCF_000986765.1_ASM98676v1_genomic.fna,GCF_001041375.1_ViralProj287958_genomic.fna,GCF_001265335.1_302014_genomic.fna,GCF_001265625.1_100854_genomic.fna,GCF_001267345.1_303289_genomic.fna,GCF_001309985.1_ASM130998v1_genomic.fna,GCF_001521695.1_ASM152169v1_genomic.fna,GCF_001592595.1_ASM159259v1_genomic.fna,GCF_001614975.1_ASM161497v1_genomic.fna,GCF_001692775.1_ASM169277v1_genomic.fna,GCF_001748915.1_ASM174891v1_genomic.fna,GCF_001749235.1_ASM174923v1_genomic.fna,GCF_001881155.1_ASM188115v1_genomic.fna,GCF_001881345.1_ASM188134v1_genomic.fna,GCF_001892405.1_ASM189240v1_genomic.fna,GCF_001892585.1_ASM189258v1_genomic.fna,GCF_001893985.1_ASM189398v1_genomic.fna,GCF_002001595.1_ASM200159v1_genomic.fna,GCF_002002145.1_ASM200214v1_genomic.fna
1.0,0.556,0.483,0.522,0.564,0.537,0.547,0.514,0.639,0.525,0.548,0.524,0.563,0.505,0.5,0.554,0.529,0.548,0.546,0.546,0.53,0.544,0.559,0.54,0.531,0.524,0.56,0.518,0.585,0.646,0.484,0.552,0.0,0.539,0.509,0.491,0.546,0.566,0.502,0.56,0.502,0.542,0.572,0.521,0.528,0.538,0.55,0.55,0.499,0.584
0.556,1.0,0.45,0.512,0.686,0.794,0.588,0.5,0.527,0.504,0.655,0.516,0.67,0.491,0.484,0.601,0.725,0.656,0.679,0.587,0.636,0.66,0.66,0.813,0.83,0.713,0.662,0.505,0.565,0.545,0.477,0.675,0.0,0.653,0.771,0.466,0.586,0.681,0.492,0.676,0.487,0.715,0.675,0.513,0.512,0.497,0.724,0.724,0.496,0.548
0.483,0.45,1.0,0.396,0.441,0.425,0.411,0.388,0.449,0.398,0.43,0.395,0.441,0.388,0.39,0.42,0.42,0.418,0.436,0.411,0.415,0.421,0.426,0.43,0.421,0.413,0.432,0.394,0.462,0.479,0.375,0.423,0.0,0.421,0.404,0.385,0.412,0.425,0.397,0.449,0.39,0.423,0.445,0.399,0.395,0.418,0.444,0.444,0.394,0.451
0.522,0.512,0.396,1.0,0.495,0.485,0.472,0.745,0.497,0.772,0.481,0.772,0.496,0.779,0.805,0.477,0.485,0.489,0.502,0.471,0.466,0.482,0.489,0.496,0.497,0.477,0.503,0.792,0.542,0.501,0.757,0.5,0.0,0.468,0.473,0.675,0.47,0.503,0.719,0.498,0.782,0.486,0.503,0.784,0.775,0.501,0.499,0.499,0.724,0.537
0.564,0.686,0.441,0.495,1.0,0.681,0.602,0.497,0.536,0.491,0.777,0.51,0.752,0.491,0.491,0.612,0.655,0.7,0.731,0.603,0.72,0.726,0.729,0.67,0.67,0.645,0.749,0.493,0.568,0.558,0.473,0.737,0.0,0.709,0.637,0.462,0.602,0.742,0.494,0.759,0.488,0.689,0.756,0.496,0.501,0.503,0.697,0.697,0.486,0.543
0.537,0.794,0.425,0.485,0.681,1.0,0.608,0.503,0.516,0.491,0.637,0.486,0.665,0.476,0.469,0.609,0.704,0.685,0.67,0.607,0.653,0.682,0.692,0.784,0.803,0.685,0.666,0.494,0.561,0.524,0.471,0.685,0.0,0.675,0.764,0.478,0.604,0.69,0.527,0.663,0.478,0.728,0.678,0.496,0.503,0.493,0.718,0.718,0.48,0.54
0.547,0.588,0.411,0.472,0.602,0.608,1.0,0.474,0.533,0.465,0.568,0.467,0.581,0.453,0.455,0.958,0.575,0.628,0.615,0.994,0.624,0.628,0.639,0.589,0.584,0.57,0.604,0.463,0.521,0.535,0.451,0.613,0.0,0.598,0.57,0.47,0.988,0.591,0.477,0.593,0.454,0.598,0.601,0.466,0.471,0.487,0.576,0.576,0.442,0.525
0.514,0.5,0.388,0.745,0.497,0.503,0.474,1.0,0.49,0.732,0.458,0.732,0.493,0.714,0.727,0.471,0.469,0.498,0.501,0.473,0.475,0.486,0.495,0.494,0.481,0.462,0.504,0.907,0.546,0.505,0.728,0.504,0.0,0.48,0.459,0.64,0.471,0.527,0.696,0.492,0.736,0.493,0.509,0.906,0.903,0.504,0.489,0.489,0.679,0.532
0.639,0.527,0.449,0.497,0.536,0.516,0.533,0.49,1.0,0.516,0.538,0.489,0.549,0.497,0.481,0.539,0.53,0.517,0.532,0.533,0.512,0.52,0.523,0.536,0.519,0.52,0.542,0.513,0.563,0.657,0.468,0.532,0.0,0.512,0.5,0.494,0.532,0.531,0.493,0.552,0.478,0.515,0.55,0.503,0.5,0.516,0.524,0.524,0.497,0.557
0.525,0.504,0.398,0.772,0.491,0.491,0.465,0.732,0.516,1.0,0.489,0.738,0.508,0.749,0.74,0.471,0.499,0.482,0.485,0.465,0.452,0.471,0.477,0.499,0.497,0.487,0.498,0.762,0.539,0.508,0.739,0.486,0.0,0.464,0.477,0.666,0.466,0.5,0.714,0.491,0.751,0.484,0.501,0.759,0.761,0.504,0.493,0.493,0.722,0.526
0.548,0.655,0.43,0.481,0.777,0.637,0.568,0.458,0.538,0.489,1.0,0.477,0.767,0.501,0.466,0.577,0.675,0.689,0.72,0.568,0.68,0.709,0.698,0.683,0.677,0.69,0.714,0.476,0.541,0.562,0.454,0.695,0.0,0.686,0.665,0.467,0.568,0.705,0.468,0.754,0.462,0.654,0.729,0.465,0.463,0.484,0.657,0.657,0.474,0.528
0.524,0.516,0.395,0.772,0.51,0.486,0.467,0.732,0.489,0.738,0.477,1.0,0.489,0.745,0.871,0.468,0.486,0.479,0.497,0.464,0.469,0.48,0.48,0.492,0.486,0.477,0.504,0.755,0.546,0.507,0.708,0.503,0.0,0.471,0.461,0.65,0.463,0.511,0.719,0.493,0.738,0.483,0.512,0.754,0.753,0.512,0.504,0.504,0.68,0.529
0.563,0.67,0.441,0.496,0.752,0.665,0.581,0.493,0.549,0.508,0.767,0.489,1.0,0.488,0.478,0.589,0.671,0.714,0.755,0.581,0.73,0.771,0.77,0.685,0.674,0.649,0.776,0.504,0.557,0.56,0.465,0.738,0.0,0.754,0.644,0.472,0.581,0.758,0.483,0.791,0.475,0.668,0.778,0.493,0.495,0.488,0.668,0.668,0.495,0.54
0.505,0.491,0.388,0.779,0.491,0.476,0.453,0.714,0.497,0.749,0.501,0.745,0.488,1.0,0.773,0.46,0.491,0.481,0.487,0.453,0.453,0.469,0.471,0.5,0.493,0.486,0.5,0.761,0.538,0.495,0.721,0.483,0.0,0.458,0.477,0.641,0.453,0.502,0.694,0.488,0.745,0.481,0.496,0.754,0.745,0.493,0.484,0.484,0.707,0.52
0.5,0.484,0.39,0.805,0.491,0.469,0.455,0.727,0.481,0.74,0.466,0.871,0.478,0.773,1.0,0.458,0.468,0.472,0.485,0.455,0.454,0.469,0.473,0.475,0.466,0.453,0.492,0.752,0.532,0.492,0.744,0.485,0.0,0.458,0.446,0.656,0.453,0.5,0.712,0.484,0.767,0.472,0.499,0.751,0.746,0.503,0.498,0.498,0.689,0.526
0.554,0.601,0.42,0.477,0.612,0.609,0.958,0.471,0.539,0.471,0.577,0.468,0.589,0.46,0.458,1.0,0.577,0.612,0.622,0.959,0.606,0.626,0.626,0.594,0.587,0.574,0.605,0.465,0.524,0.544,0.452,0.601,0.0,0.593,0.57,0.471,0.96,0.594,0.477,0.6,0.458,0.601,0.606,0.467,0.474,0.488,0.582,0.582,0.451,0.526
0.529,0.725,0.42,0.485,0.655,0.704,0.575,0.469,0.53,0.499,0.675,0.486,0.671,0.491,0.468,0.577,1.0,0.633,0.645,0.573,0.625,0.645,0.646,0.765,0.765,0.78,0.641,0.49,0.546,0.526,0.445,0.672,0.0,0.641,0.726,0.486,0.571,0.637,0.491,0.663,0.458,0.677,0.661,0.484,0.487,0.469,0.695,0.695,0.479,0.513
0.548,0.656,0.418,0.489,0.7,0.685,0.628,0.498,0.517,0.482,0.689,0.479,0.714,0.481,0.472,0.612,0.633,1.0,0.783,0.625,0.761,0.765,0.766,0.653,0.646,0.626,0.749,0.491,0.54,0.536,0.476,0.744,0.0,0.731,0.629,0.489,0.621,0.732,0.5,0.719,0.48,0.672,0.741,0.491,0.499,0.5,0.653,0.653,0.469,0.544
0.546,0.679,0.436,0.502,0.731,0.67,0.615,0.501,0.532,0.485,0.72,0.497,0.755,0.487,0.485,0.622,0.645,0.783,1.0,0.615,0.756,0.783,0.767,0.672,0.669,0.63,0.759,0.504,0.555,0.549,0.473,0.75,0.0,0.732,0.64,0.489,0.614,0.736,0.491,0.766,0.484,0.676,0.759,0.5,0.503,0.492,0.671,0.671,0.479,0.543
0.546,0.587,0.411,0.471,0.603,0.607,0.994,0.473,0.533,0.465,0.568,0.464,0.581,0.453,0.455,0.959,0.573,0.625,0.615,1.0,0.621,0.627,0.637,0.586,0.584,0.568,0.6,0.463,0.52,0.535,0.451,0.613,0.0,0.597,0.568,0.469,0.989,0.591,0.476,0.593,0.454,0.598,0.601,0.464,0.469,0.487,0.576,0.576,0.442,0.525
0.53,0.636,0.415,0.466,0.72,0.653,0.624,0.475,0.512,0.452,0.68,0.469,0.73,0.453,0.454,0.606,0.625,0.761,0.756,0.621,1.0,0.775,0.787,0.634,0.625,0.615,0.747,0.466,0.529,0.534,0.454,0.755,0.0,0.761,0.607,0.467,0.616,0.736,0.48,0.745,0.46,0.646,0.743,0.471,0.474,0.495,0.64,0.64,0.444,0.539
0.544,0.66,0.421,0.482,0.726,0.682,0.628,0.486,0.52,0.471,0.709,0.48,0.771,0.469,0.469,0.626,0.645,0.765,0.783,0.627,0.775,1.0,0.929,0.653,0.652,0.621,0.771,0.479,0.537,0.538,0.47,0.765,0.0,0.88,0.634,0.471,0.628,0.755,0.49,0.762,0.472,0.666,0.776,0.479,0.485,0.493,0.65,0.65,0.463,0.55
0.559,0.66,0.426,0.489,0.729,0.692,0.639,0.495,0.523,0.477,0.698,0.48,0.77,0.471,0.473,0.626,0.646,0.766,0.767,0.637,0.787,0.929,1.0,0.651,0.646,0.618,0.773,0.488,0.551,0.534,0.473,0.773,0.0,0.885,0.632,0.481,0.635,0.757,0.499,0.749,0.481,0.659,0.761,0.488,0.491,0.499,0.643,0.643,0.475,0.546
0.54,0.813,0.43,0.496,0.67,0.784,0.589,0.494,0.536,0.499,0.683,0.492,0.685,0.5,0.475,0.594,0.765,0.653,0.672,0.586,0.634,0.653,0.651,1.0,0.854,0.743,0.662,0.491,0.546,0.543,0.457,0.666,0.0,0.648,0.82,0.479,0.584,0.644,0.483,0.679,0.468,0.721,0.669,0.484,0.491,0.478,0.714,0.714,0.482,0.523
0.531,0.83,0.421,0.497,0.67,0.803,0.584,0.481,0.519,0.497,0.677,0.486,0.674,0.493,0.466,0.587,0.765,0.646,0.669,0.584,0.625,0.652,0.646,0.854,1.0,0.761,0.647,0.494,0.545,0.527,0.453,0.67,0.0,0.636,0.82,0.475,0.582,0.651,0.481,0.672,0.464,0.715,0.657,0.488,0.489,0.48,0.715,0.715,0.493,0.52
0.524,0.713,0.413,0.477,0.645,0.685,0.57,0.462,0.52,0.487,0.69,0.477,0.649,0.486,0.453,0.574,0.78,0.626,0.63,0.568,0.615,0.621,0.618,0.743,0.761,1.0,0.631,0.48,0.525,0.527,0.441,0.63,0.0,0.607,0.731,0.462,0.566,0.628,0.467,0.654,0.452,0.68,0.632,0.481,0.482,0.478,0.692,0.692,0.473,0.51
0.56,0.662,0.432,0.503,0.749,0.666,0.604,0.504,0.542,0.498,0.714,0.504,0.776,0.5,0.492,0.605,0.641,0.749,0.759,0.6,0.747,0.771,0.773,0.662,0.647,0.631,1.0,0.503,0.564,0.545,0.478,0.764,0.0,0.746,0.625,0.485,0.601,0.829,0.499,0.782,0.493,0.676,0.863,0.51,0.506,0.497,0.665,0.665,0.489,0.551
0.518,0.505,0.394,0.792,0.493,0.494,0.463,0.907,0.513,0.762,0.476,0.755,0.504,0.761,0.752,0.465,0.49,0.491,0.504,0.463,0.466,0.479,0.488,0.491,0.494,0.48,0.503,1.0,0.558,0.509,0.73,0.506,0.0,0.472,0.471,0.662,0.462,0.514,0.707,0.504,0.755,0.481,0.509,0.97,0.946,0.501,0.498,0.498,0.715,0.531
0.585,0.565,0.462,0.542,0.568,0.561,0.521,0.546,0.563,0.539,0.541,0.546,0.557,0.538,0.532,0.524,0.546,0.54,0.555,0.52,0.529,0.537,0.551,0.546,0.545,0.525,0.564,0.558,1.0,0.572,0.511,0.556,0.0,0.531,0.512,0.519,0.518,0.555,0.538,0.562,0.526,0.54,0.558,0.558,0.562,0.592,0.546,0.546,0.536,0.831
0.646,0.545,0.479,0.501,0.558,0.524,0.535,0.505,0.657,0.508,0.562,0.507,0.56,0.495,0.492,0.544,0.526,0.536,0.549,0.535,0.534,0.538,0.534,0.543,0.527,0.527,0.545,0.509,0.572,1.0,0.485,0.537,0.0,0.523,0.507,0.5,0.535,0.537,0.496,0.581,0.496,0.54,0.56,0.504,0.503,0.547,0.555,0.555,0.491,0.576
0.484,0.477,0.375,0.757,0.473,0.471,0.451,0.728,0.468,0.739,0.454,0.708,0.465,0.721,0.744,0.452,0.445,0.476,0.473,0.451,0.454,0.47,0.473,0.457,0.453,0.441,0.478,0.73,0.511,0.485,1.0,0.48,0.0,0.458,0.435,0.628,0.449,0.491,0.683,0.467,0.9,0.476,0.483,0.732,0.733,0.489,0.471,0.471,0.675,0.508
0.552,0.675,0.423,0.5,0.737,0.685,0.613,0.504,0.532,0.486,0.695,0.503,0.738,0.483,0.485,0.601,0.672,0.744,0.75,0.613,0.755,0.765,0.773,0.666,0.67,0.63,0.764,0.506,0.556,0.537,0.48,1.0,0.0,0.753,0.629,0.476,0.61,0.78,0.506,0.76,0.484,0.688,0.78,0.507,0.516,0.502,0.678,0.678,0.478,0.549
0.0,0.0,0.0,0.0,0.0,0.0,0.0,0.0,0.0,0.0,0.0,0.0,0.0,0.0,0.0,0.0,0.0,0.0,0.0,0.0,0.0,0.0,0.0,0.0,0.0,0.0,0.0,0.0,0.0,0.0,0.0,0.0,1.0,0.0,0.0,0.0,0.0,0.0,0.0,0.0,0.0,0.0,0.0,0.0,0.0,0.0,0.0,0.0,0.0,0.0
0.539,0.653,0.421,0.468,0.709,0.675,0.598,0.48,0.512,0.464,0.686,0.471,0.754,0.458,0.458,0.593,0.641,0.731,0.732,0.597,0.761,0.88,0.885,0.648,0.636,0.607,0.746,0.472,0.531,0.523,0.458,0.753,0.0,1.0,0.631,0.474,0.593,0.741,0.499,0.733,0.462,0.656,0.76,0.476,0.484,0.486,0.635,0.635,0.456,0.538
0.509,0.771,0.404,0.473,0.637,0.764,0.57,0.459,0.5,0.477,0.665,0.461,0.644,0.477,0.446,0.57,0.726,0.629,0.64,0.568,0.607,0.634,0.632,0.82,0.82,0.731,0.625,0.471,0.512,0.507,0.435,0.629,0.0,0.631,1.0,0.468,0.565,0.618,0.468,0.649,0.445,0.68,0.639,0.46,0.466,0.452,0.677,0.677,0.457,0.494
0.491,0.466,0.385,0.675,0.462,0.478,0.47,0.64,0.494,0.666,0.467,0.65,0.472,0.641,0.656,0.471,0.486,0.489,0.489,0.469,0.467,0.471,0.481,0.479,0.475,0.462,0.485,0.662,0.519,0.5,0.628,0.476,0.0,0.474,0.468,1.0,0.464,0.47,0.663,0.489,0.641,0.46,0.481,0.657,0.659,0.482,0.464,0.464,0.66,0.514
0.546,0.586,0.412,0.47,0.602,0.604,0.988,0.471,0.532,0.466,0.568,0.463,0.581,0.453,0.453,0.96,0.571,0.621,0.614,0.989,0.616,0.628,0.635,0.584,0.582,0.566,0.601,0.462,0.518,0.535,0.449,0.61,0.0,0.593,0.565,0.464,1.0,0.589,0.476,0.593,0.452,0.596,0.599,0.463,0.467,0.485,0.574,0.574,0.442,0.522
0.566,0.681,0.425,0.503,0.742,0.69,0.591,0.527,0.531,0.5,0.705,0.511,0.758,0.502,0.5,0.594,0.637,0.732,0.736,0.591,0.736,0.755,0.757,0.644,0.651,0.628,0.829,0.514,0.555,0.537,0.491,0.78,0.0,0.741,0.618,0.47,0.589,1.0,0.509,0.758,0.5,0.691,0.869,0.514,0.514,0.509,0.685,0.685,0.492,0.555
0.502,0.492,0.397,0.719,0.494,0.527,0.477,0.696,0.493,0.714,0.468,0.719,0.483,0.694,0.712,0.477,0.491,0.5,0.491,0.476,0.48,0.49,0.499,0.483,0.481,0.467,0.499,0.707,0.538,0.496,0.683,0.506,0.0,0.499,0.468,0.663,0.476,0.509,1.0,0.497,0.693,0.491,0.51,0.711,0.716,0.496,0.497,0.497,0.664,0.524
0.56,0.676,0.449,0.498,0.759,0.663,0.593,0.492,0.552,0.491,0.754,0.493,0.791,0.488,0.484,0.6,0.663,0.719,0.766,0.593,0.745,0.762,0.749,0.679,0.672,0.654,0.782,0.504,0.562,0.581,0.467,0.76,0.0,0.733,0.649,0.489,0.593,0.758,0.497,1.0,0.478,0.672,0.789,0.492,0.497,0.509,0.696,0.696,0.49,0.564
0.502,0.487,0.39,0.782,0.488,0.478,0.454,0.736,0.478,0.751,0.462,0.738,0.475,0.745,0.767,0.458,0.458,0.48,0.484,0.454,0.46,0.472,0.481,0.468,0.464,0.452,0.493,0.755,0.526,0.496,0.9,0.484,0.0,0.462,0.445,0.641,0.452,0.5,0.693,0.478,1.0,0.486,0.491,0.758,0.756,0.492,0.48,0.48,0.692,0.515
0.542,0.715,0.423,0.486,0.689,0.728,0.598,0.493,0.515,0.484,0.654,0.483,0.668,0.481,0.472,0.601,0.677,0.672,0.676,0.598,0.646,0.666,0.659,0.721,0.715,0.68,0.676,0.481,0.54,0.54,0.476,0.688,0.0,0.656,0.68,0.46,0.596,0.691,0.491,0.672,0.486,1.0,0.713,0.484,0.492,0.484,0.739,0.739,0.471,0.536
0.572,0.675,0.445,0.503,0.756,0.678,0.601,0.509,0.55,0.501,0.729,0.512,0.778,0.496,0.499,0.606,0.661,0.741,0.759,0.601,0.743,0.776,0.761,0.669,0.657,0.632,0.863,0.509,0.558,0.56,0.483,0.78,0.0,0.76,0.639,0.481,0.599,0.869,0.51,0.789,0.491,0.713,1.0,0.508,0.512,0.508,0.693,0.693,0.486,0.558
0.521,0.513,0.399,0.784,0.496,0.496,0.466,0.906,0.503,0.759,0.465,0.754,0.493,0.754,0.751,0.467,0.484,0.491,0.5,0.464,0.471,0.479,0.488,0.484,0.488,0.481,0.51,0.97,0.558,0.504,0.732,0.507,0.0,0.476,0.46,0.657,0.463,0.514,0.711,0.492,0.758,0.484,0.508,1.0,0.958,0.504,0.499,0.499,0.714,0.535
0.528,0.512,0.395,0.775,0.501,0.503,0.471,0.903,0.5,0.761,0.463,0.753,0.495,0.745,0.746,0.474,0.487,0.499,0.503,0.469,0.474,0.485,0.491,0.491,0.489,0.482,0.506,0.946,0.562,0.503,0.733,0.516,0.0,0.484,0.466,0.659,0.467,0.514,0.716,0.497,0.756,0.492,0.512,0.958,1.0,0.504,0.504,0.504,0.702,0.538
0.538,0.497,0.418,0.501,0.503,0.493,0.487,0.504,0.516,0.504,0.484,0.512,0.488,0.493,0.503,0.488,0.469,0.5,0.492,0.487,0.495,0.493,0.499,0.478,0.48,0.478,0.497,0.501,0.592,0.547,0.489,0.502,0.0,0.486,0.452,0.482,0.485,0.509,0.496,0.509,0.492,0.484,0.508,0.504,0.504,1.0,0.526,0.526,0.496,0.658
0.55,0.724,0.444,0.499,0.697,0.718,0.576,0.489,0.524,0.493,0.657,0.504,0.668,0.484,0.498,0.582,0.695,0.653,0.671,0.576,0.64,0.65,0.643,0.714,0.715,0.692,0.665,0.498,0.546,0.555,0.471,0.678,0.0,0.635,0.677,0.464,0.574,0.685,0.497,0.696,0.48,0.739,0.693,0.499,0.504,0.526,1.0,0.999,0.484,0.546
0.55,0.724,0.444,0.499,0.697,0.718,0.576,0.489,0.524,0.493,0.657,0.504,0.668,0.484,0.498,0.582,0.695,0.653,0.671,0.576,0.64,0.65,0.643,0.714,0.715,0.692,0.665,0.498,0.546,0.555,0.471,0.678,0.0,0.635,0.677,0.464,0.574,0.685,0.497,0.696,0.48,0.739,0.693,0.499,0.504,0.526,0.999,1.0,0.484,0.546
0.499,0.496,0.394,0.724,0.486,0.48,0.442,0.679,0.497,0.722,0.474,0.68,0.495,0.707,0.689,0.451,0.479,0.469,0.479,0.442,0.444,0.463,0.475,0.482,0.493,0.473,0.489,0.715,0.536,0.491,0.675,0.478,0.0,0.456,0.457,0.66,0.442,0.492,0.664,0.49,0.692,0.471,0.486,0.714,0.702,0.496,0.484,0.484,1.0,0.527
0.584,0.548,0.451,0.537,0.543,0.54,0.525,0.532,0.557,0.526,0.528,0.529,0.54,0.52,0.526,0.526,0.513,0.544,0.543,0.525,0.539,0.55,0.546,0.523,0.52,0.51,0.551,0.531,0.831,0.576,0.508,0.549,0.0,0.538,0.494,0.514,0.522,0.555,0.524,0.564,0.515,0.536,0.558,0.535,0.538,0.658,0.546,0.546,0.527,1.0
