GCF_000163235.1_ASM16323v1_genomic.fna,GCF_000164555.1_ASM16455v1_genomic.fna,GCF_000208545.1_ASM20854v2_genomic.fna,GCF_000233875.1_ASM23387v1_genomic.fna,GCF_000249735.1_ASM24973v2_genomic.fna,GCF_000261145.1_Esch_coli_M919_V2_genomic.fna,GCF_000267705.2_ASM26770v2_genomic.fna,GCF_000350665.1_Esch_coli_KTE5_V1_genomic.fna,GCF_000351625.1_Esch_coli_KTE66_V1_genomic.fna,GCF_000352285.1_Esch_coli_KTE46_V1_genomic.fna,GCF_000358895.1_ASM35889v1_genomic.fna,GCF_000456385.1_Esch_coli_HVH_26_4-5703913_V1_genomic.fna,GCF_000458195.1_Esch_coli_HVH_147_4-5893887_V1_genomic.fna,GCF_000459755.1_Esch_coli_KOEGE_58_171a_V1_genomic.fna,GCF_000460055.1_Esch_coli_UMEA_3053-1_V1_genomic.fna,GCF_000462165.2_ASM46216v2_genomic.fna,GCF_000601135.1_ASM60113v1_genomic.fna,GCF_000614595.1_Ec2010EL1058_genomic.fna,GCF_000617745.1_Ec2010C-4529_genomic.fna,GCF_000618265.2_EcF6751_genomic.fna,GCF_000619005.2_Ec2009C-4052_genomic.fna,GCF_000619105.1_Ec2009C-4780_genomic.fna,GCF_000619765.2_Ec2009C-3279_genomic.fna,GCF_000687005.1_ASM68700v1_genomic.fna,GCF_000687025.1_ASM68702v1_genomic.fna,GCF_000700125.1_ASM70012v1_genomic.fna,GCF_000753315.1_FHI35_genomic.fna,GCF_000776375.1_ASM77637v1_genomic.fna,GCF_000779395.1_ASM77939v1_genomic.fna,GCF_000780315.1_ASM78031v1_genomic.fna,GCF_000781995.1_ASM78199v1_genomic.fna,GCF_000986765.1_ASM98676v1_genomic.fna,GCF_001041375.1_ViralProj287958_genomic.fna,GCF_001265335.1_302014_genomic.fna,GCF_001265625.1_100854_genomic.fna,GCF_001267345.1_303289_genomic.fna,GCF_001309985.1_ASM130998v1_genomic.fna,GCF_001521695.1_ASM152169v1_genomic.fna,GCF_001592595.1_ASM159259v1_genomic.fna,GCF_001614975.1_ASM161497v1_genomic.fna,GCF_001692775.1_ASM169277v1_genomic.fna,GCF_001748915.1_ASM174891v1_genomic.fna,GCF_001749235.1_ASM174923v1_genomic.fna,GCF_001881155.1_ASM188115v1_genomic.fna,GCF_001881345.1_ASM188134v1_genomic.fna,GCF_001892405.1_ASM189240v1_genomic.fna,GCF_001892585.1_ASM189258v1_genomic.fna,GCF_001893985.1_ASM189398v1_genomic.fna,GCF_002001595.1_ASM200159v1_genomic.fna,GCF_002002145.1_ASM200214v1_genomic.fna
1.0,0.575,0.464,0.529,0.566,0.564,0.543,0.533,0.658,0.574,0.544,0.524,0.55,0.538,0.504,0.564,0.559,0.562,0.557,0.544,0.543,0.554,0.566,0.566,0.567,0.544,0.56,0.547,0.584,0.661,0.515,0.569,0.0,0.545,0.517,0.536,0.544,0.573,0.515,0.561,0.518,0.546,0.561,0.523,0.54,0.524,0.544,0.544,0.515,0.592
0.575,1.0,0.447,0.506,0.686,0.812,0.577,0.51,0.545,0.521,0.63,0.51,0.644,0.5,0.488,0.586,0.729,0.65,0.657,0.575,0.634,0.645,0.647,0.816,0.833,0.751,0.647,0.515,0.523,0.554,0.483,0.664,0.0,0.628,0.752,0.486,0.576,0.666,0.486,0.643,0.485,0.721,0.654,0.516,0.516,0.48,0.729,0.729,0.514,0.527
0.464,0.447,1.0,0.406,0.419,0.43,0.408,0.409,0.448,0.413,0.393,0.398,0.399,0.408,0.394,0.414,0.42,0.408,0.397,0.409,0.404,0.406,0.411,0.423,0.424,0.42,0.41,0.402,0.425,0.451,0.401,0.427,0.0,0.404,0.388,0.401,0.409,0.416,0.401,0.416,0.406,0.432,0.417,0.409,0.399,0.41,0.436,0.436,0.418,0.441
0.529,0.506,0.406,1.0,0.497,0.502,0.491,0.757,0.521,0.764,0.454,0.761,0.47,0.797,0.801,0.494,0.482,0.49,0.482,0.488,0.47,0.475,0.488,0.486,0.489,0.477,0.48,0.784,0.53,0.504,0.75,0.495,0.0,0.464,0.458,0.676,0.488,0.493,0.72,0.478,0.766,0.485,0.481,0.763,0.77,0.502,0.481,0.48,0.708,0.557
0.566,0.686,0.419,0.497,1.0,0.685,0.576,0.519,0.554,0.521,0.738,0.49,0.706,0.508,0.488,0.596,0.663,0.687,0.7,0.575,0.712,0.691,0.697,0.686,0.675,0.663,0.706,0.521,0.522,0.56,0.486,0.724,0.0,0.695,0.634,0.5,0.574,0.719,0.502,0.711,0.49,0.679,0.714,0.502,0.507,0.473,0.687,0.688,0.493,0.517
0.564,0.812,0.43,0.502,0.685,1.0,0.605,0.524,0.553,0.517,0.623,0.494,0.644,0.5,0.484,0.604,0.726,0.659,0.659,0.6,0.643,0.643,0.657,0.805,0.819,0.724,0.646,0.514,0.533,0.549,0.49,0.66,0.0,0.651,0.764,0.496,0.602,0.668,0.526,0.644,0.492,0.727,0.655,0.513,0.515,0.491,0.738,0.737,0.5,0.523
0.543,0.577,0.408,0.491,0.576,0.605,1.0,0.488,0.547,0.489,0.544,0.469,0.555,0.485,0.469,0.946,0.577,0.618,0.615,0.988,0.614,0.6,0.617,0.588,0.58,0.574,0.584,0.482,0.5,0.529,0.476,0.574,0.0,0.582,0.557,0.494,0.988,0.564,0.504,0.566,0.478,0.57,0.57,0.484,0.486,0.495,0.566,0.565,0.468,0.522
0.533,0.51,0.409,0.757,0.519,0.524,0.488,1.0,0.523,0.76,0.462,0.745,0.483,0.75,0.739,0.491,0.498,0.493,0.492,0.486,0.474,0.478,0.49,0.505,0.501,0.497,0.491,0.914,0.536,0.51,0.736,0.499,0.0,0.473,0.465,0.66,0.486,0.525,0.714,0.496,0.738,0.491,0.495,0.899,0.899,0.508,0.496,0.496,0.701,0.545
0.658,0.545,0.448,0.521,0.554,0.553,0.547,0.523,1.0,0.55,0.518,0.503,0.528,0.533,0.508,0.559,0.555,0.547,0.54,0.546,0.525,0.538,0.545,0.556,0.544,0.538,0.547,0.536,0.564,0.663,0.51,0.539,0.0,0.531,0.51,0.527,0.546,0.542,0.512,0.544,0.507,0.547,0.549,0.512,0.515,0.527,0.544,0.544,0.504,0.593
0.574,0.521,0.413,0.764,0.521,0.517,0.489,0.76,0.55,1.0,0.488,0.728,0.503,0.774,0.741,0.506,0.51,0.517,0.499,0.487,0.487,0.499,0.502,0.517,0.516,0.503,0.513,0.779,0.565,0.541,0.763,0.511,0.0,0.489,0.473,0.704,0.488,0.53,0.729,0.516,0.765,0.505,0.511,0.74,0.757,0.504,0.492,0.492,0.715,0.564
0.544,0.63,0.393,0.454,0.738,0.623,0.544,0.462,0.518,0.488,1.0,0.44,0.749,0.466,0.438,0.566,0.621,0.689,0.701,0.542,0.682,0.704,0.692,0.679,0.644,0.638,0.706,0.472,0.526,0.54,0.443,0.692,0.0,0.693,0.67,0.486,0.543,0.693,0.469,0.74,0.445,0.64,0.724,0.451,0.46,0.447,0.625,0.625,0.449,0.51
0.524,0.51,0.398,0.761,0.49,0.494,0.469,0.745,0.503,0.728,0.44,1.0,0.461,0.757,0.862,0.469,0.472,0.471,0.464,0.467,0.456,0.463,0.463,0.483,0.476,0.482,0.462,0.749,0.523,0.494,0.719,0.479,0.0,0.459,0.452,0.653,0.467,0.48,0.695,0.465,0.732,0.466,0.471,0.742,0.752,0.499,0.476,0.475,0.689,0.529
0.55,0.644,0.399,0.47,0.706,0.644,0.555,0.483,0.528,0.503,0.749,0.461,1.0,0.477,0.462,0.576,0.653,0.72,0.751,0.554,0.731,0.785,0.769,0.69,0.657,0.648,0.765,0.488,0.549,0.546,0.459,0.73,0.0,0.776,0.65,0.492,0.555,0.746,0.472,0.8,0.458,0.654,0.78,0.466,0.469,0.469,0.645,0.645,0.466,0.53
0.538,0.5,0.408,0.797,0.508,0.5,0.485,0.75,0.533,0.774,0.466,0.757,0.477,1.0,0.788,0.497,0.487,0.501,0.485,0.483,0.478,0.486,0.486,0.487,0.489,0.483,0.494,0.781,0.539,0.518,0.765,0.498,0.0,0.47,0.456,0.671,0.483,0.51,0.709,0.489,0.778,0.486,0.491,0.752,0.757,0.515,0.489,0.489,0.703,0.556
0.504,0.488,0.394,0.801,0.488,0.484,0.469,0.739,0.508,0.741,0.438,0.862,0.462,0.788,1.0,0.474,0.475,0.47,0.46,0.469,0.456,0.467,0.473,0.466,0.469,0.469,0.469,0.75,0.521,0.492,0.751,0.476,0.0,0.445,0.443,0.656,0.468,0.48,0.697,0.468,0.759,0.466,0.466,0.734,0.742,0.504,0.48,0.481,0.702,0.547
0.564,0.586,0.414,0.494,0.596,0.604,0.946,0.491,0.559,0.506,0.566,0.469,0.576,0.497,0.474,1.0,0.589,0.625,0.625,0.954,0.614,0.611,0.623,0.598,0.594,0.59,0.601,0.5,0.515,0.547,0.474,0.592,0.0,0.59,0.562,0.506,0.951,0.591,0.5,0.587,0.478,0.587,0.591,0.482,0.488,0.495,0.58,0.58,0.471,0.537
0.559,0.729,0.42,0.482,0.663,0.726,0.577,0.498,0.555,0.51,0.621,0.472,0.653,0.487,0.475,0.589,1.0,0.651,0.651,0.573,0.636,0.653,0.659,0.767,0.762,0.769,0.654,0.505,0.519,0.545,0.462,0.69,0.0,0.648,0.701,0.501,0.575,0.651,0.486,0.644,0.462,0.71,0.66,0.487,0.494,0.462,0.719,0.72,0.475,0.527
0.562,0.65,0.408,0.49,0.687,0.659,0.618,0.493,0.547,0.517,0.689,0.471,0.72,0.501,0.47,0.625,0.651,1.0,0.789,0.62,0.766,0.772,0.77,0.669,0.651,0.645,0.742,0.507,0.522,0.566,0.477,0.733,0.0,0.735,0.624,0.54,0.618,0.714,0.498,0.73,0.473,0.659,0.728,0.485,0.488,0.482,0.646,0.646,0.477,0.546
0.557,0.657,0.397,0.482,0.7,0.659,0.615,0.492,0.54,0.499,0.701,0.464,0.751,0.485,0.46,0.625,0.651,0.789,1.0,0.614,0.766,0.778,0.77,0.684,0.675,0.659,0.762,0.496,0.527,0.559,0.463,0.735,0.0,0.744,0.646,0.507,0.611,0.722,0.489,0.753,0.463,0.665,0.753,0.478,0.482,0.481,0.651,0.651,0.473,0.536
0.544,0.575,0.409,0.488,0.575,0.6,0.988,0.486,0.546,0.487,0.542,0.467,0.554,0.483,0.469,0.954,0.573,0.62,0.614,1.0,0.612,0.599,0.614,0.582,0.577,0.572,0.584,0.481,0.5,0.529,0.475,0.573,0.0,0.578,0.554,0.492,0.992,0.564,0.499,0.567,0.477,0.568,0.569,0.482,0.485,0.494,0.565,0.565,0.466,0.523
0.543,0.634,0.404,0.47,0.712,0.643,0.614,0.474,0.525,0.487,0.682,0.456,0.731,0.478,0.456,0.614,0.636,0.766,0.766,0.612,1.0,0.768,0.784,0.649,0.643,0.647,0.731,0.489,0.505,0.538,0.456,0.74,0.0,0.757,0.615,0.515,0.615,0.72,0.493,0.734,0.461,0.643,0.725,0.467,0.473,0.472,0.656,0.657,0.464,0.524
0.554,0.645,0.406,0.475,0.691,0.643,0.6,0.478,0.538,0.499,0.704,0.463,0.785,0.486,0.467,0.611,0.653,0.772,0.778,0.599,0.768,1.0,0.919,0.663,0.663,0.649,0.757,0.491,0.52,0.552,0.462,0.737,0.0,0.865,0.624,0.505,0.602,0.726,0.486,0.746,0.463,0.655,0.761,0.469,0.474,0.468,0.641,0.641,0.471,0.536
0.566,0.647,0.411,0.488,0.697,0.657,0.617,0.49,0.545,0.502,0.692,0.463,0.769,0.486,0.473,0.623,0.659,0.77,0.77,0.614,0.784,0.919,1.0,0.663,0.658,0.65,0.752,0.503,0.512,0.544,0.466,0.757,0.0,0.855,0.619,0.515,0.616,0.726,0.499,0.731,0.466,0.657,0.742,0.48,0.485,0.468,0.648,0.648,0.47,0.524
0.566,0.816,0.423,0.486,0.686,0.805,0.588,0.505,0.556,0.517,0.679,0.483,0.69,0.487,0.466,0.598,0.767,0.669,0.684,0.582,0.649,0.663,0.663,1.0,0.848,0.763,0.668,0.504,0.55,0.559,0.468,0.676,0.0,0.663,0.823,0.494,0.584,0.665,0.479,0.689,0.467,0.746,0.685,0.483,0.49,0.471,0.723,0.723,0.475,0.537
0.567,0.833,0.424,0.489,0.675,0.819,0.58,0.501,0.544,0.516,0.644,0.476,0.657,0.489,0.469,0.594,0.762,0.651,0.675,0.577,0.643,0.663,0.658,0.848,1.0,0.785,0.669,0.507,0.534,0.554,0.47,0.67,0.0,0.651,0.793,0.49,0.578,0.663,0.487,0.664,0.47,0.725,0.678,0.511,0.503,0.471,0.715,0.714,0.495,0.524
0.544,0.751,0.42,0.477,0.663,0.724,0.574,0.497,0.538,0.503,0.638,0.482,0.648,0.483,0.469,0.59,0.769,0.645,0.659,0.572,0.647,0.649,0.65,0.763,0.785,1.0,0.658,0.496,0.511,0.546,0.463,0.657,0.0,0.645,0.708,0.486,0.573,0.656,0.485,0.662,0.462,0.72,0.65,0.498,0.49,0.469,0.722,0.722,0.483,0.527
0.56,0.647,0.41,0.48,0.706,0.646,0.584,0.491,0.547,0.513,0.706,0.462,0.765,0.494,0.469,0.601,0.654,0.742,0.762,0.584,0.731,0.757,0.752,0.668,0.669,0.658,1.0,0.496,0.532,0.547,0.478,0.743,0.0,0.742,0.624,0.495,0.584,0.804,0.483,0.769,0.475,0.653,0.839,0.482,0.478,0.475,0.647,0.647,0.473,0.54
0.547,0.515,0.402,0.784,0.521,0.514,0.482,0.914,0.536,0.779,0.472,0.749,0.488,0.781,0.75,0.5,0.505,0.507,0.496,0.481,0.489,0.491,0.503,0.504,0.507,0.496,0.496,1.0,0.546,0.521,0.733,0.517,0.0,0.487,0.467,0.686,0.481,0.526,0.706,0.501,0.748,0.491,0.502,0.942,0.94,0.506,0.498,0.498,0.701,0.562
0.584,0.523,0.425,0.53,0.522,0.533,0.5,0.536,0.564,0.565,0.526,0.523,0.549,0.539,0.521,0.515,0.519,0.522,0.527,0.5,0.505,0.52,0.512,0.55,0.534,0.511,0.532,0.546,1.0,0.561,0.527,0.515,0.0,0.514,0.509,0.547,0.5,0.549,0.537,0.544,0.523,0.515,0.539,0.521,0.526,0.584,0.498,0.498,0.514,0.817
0.661,0.554,0.451,0.504,0.56,0.549,0.529,0.51,0.663,0.541,0.54,0.494,0.546,0.518,0.492,0.547,0.545,0.566,0.559,0.529,0.538,0.552,0.544,0.559,0.554,0.546,0.547,0.521,0.561,1.0,0.493,0.537,0.0,0.54,0.518,0.524,0.529,0.548,0.504,0.569,0.493,0.55,0.556,0.497,0.504,0.534,0.549,0.549,0.491,0.586
0.515,0.483,0.401,0.75,0.486,0.49,0.476,0.736,0.51,0.763,0.443,0.719,0.459,0.765,0.751,0.474,0.462,0.477,0.463,0.475,0.456,0.462,0.466,0.468,0.47,0.463,0.478,0.733,0.527,0.493,1.0,0.475,0.0,0.447,0.437,0.654,0.474,0.48,0.693,0.467,0.906,0.462,0.466,0.733,0.738,0.511,0.461,0.46,0.695,0.531
0.569,0.664,0.427,0.495,0.724,0.66,0.574,0.499,0.539,0.511,0.692,0.479,0.73,0.498,0.476,0.592,0.69,0.733,0.735,0.573,0.74,0.737,0.757,0.676,0.67,0.657,0.743,0.517,0.515,0.537,0.475,1.0,0.0,0.733,0.617,0.507,0.572,0.762,0.496,0.745,0.471,0.68,0.76,0.492,0.499,0.474,0.667,0.667,0.479,0.522
0.0,0.0,0.0,0.0,0.0,0.0,0.0,0.0,0.0,0.0,0.0,0.0,0.0,0.0,0.0,0.0,0.0,0.0,0.0,0.0,0.0,0.0,0.0,0.0,0.0,0.0,0.0,0.0,0.0,0.0,0.0,0.0,1.0,0.0,0.0,0.0,0.0,0.0,0.0,0.0,0.0,0.0,0.0,0.0,0.0,0.0,0.0,0.0,0.0,0.0
0.545,0.628,0.404,0.464,0.695,0.651,0.582,0.473,0.531,0.489,0.693,0.459,0.776,0.47,0.445,0.59,0.648,0.735,0.744,0.578,0.757,0.865,0.855,0.663,0.651,0.645,0.742,0.487,0.514,0.54,0.447,0.733,0.0,1.0,0.619,0.51,0.577,0.731,0.49,0.739,0.448,0.649,0.748,0.463,0.466,0.455,0.637,0.637,0.46,0.526
0.517,0.752,0.388,0.458,0.634,0.764,0.557,0.465,0.51,0.473,0.67,0.452,0.65,0.456,0.443,0.562,0.701,0.624,0.646,0.554,0.615,0.624,0.619,0.823,0.793,0.708,0.624,0.467,0.509,0.518,0.437,0.617,0.0,0.619,1.0,0.46,0.554,0.614,0.462,0.65,0.435,0.683,0.637,0.45,0.453,0.431,0.674,0.673,0.447,0.499
0.536,0.486,0.401,0.676,0.5,0.496,0.494,0.66,0.527,0.704,0.486,0.653,0.492,0.671,0.656,0.506,0.501,0.54,0.507,0.492,0.515,0.505,0.515,0.494,0.49,0.486,0.495,0.686,0.547,0.524,0.654,0.507,0.0,0.51,0.46,1.0,0.489,0.496,0.678,0.5,0.655,0.489,0.493,0.651,0.66,0.496,0.478,0.477,0.641,0.565
0.544,0.576,0.409,0.488,0.574,0.602,0.988,0.486,0.546,0.488,0.543,0.467,0.555,0.483,0.468,0.951,0.575,0.618,0.611,0.992,0.615,0.602,0.616,0.584,0.578,0.573,0.584,0.481,0.5,0.529,0.474,0.572,0.0,0.577,0.554,0.489,1.0,0.565,0.5,0.566,0.476,0.568,0.571,0.482,0.485,0.493,0.565,0.565,0.467,0.522
0.573,0.666,0.416,0.493,0.719,0.668,0.564,0.525,0.542,0.53,0.693,0.48,0.746,0.51,0.48,0.591,0.651,0.714,0.722,0.564,0.72,0.726,0.726,0.665,0.663,0.656,0.804,0.526,0.549,0.548,0.48,0.762,0.0,0.731,0.614,0.496,0.565,1.0,0.507,0.757,0.481,0.665,0.848,0.505,0.497,0.481,0.663,0.664,0.495,0.543
0.515,0.486,0.401,0.72,0.502,0.526,0.504,0.714,0.512,0.729,0.469,0.695,0.472,0.709,0.697,0.5,0.486,0.498,0.489,0.499,0.493,0.486,0.499,0.479,0.487,0.485,0.483,0.706,0.537,0.504,0.693,0.496,0.0,0.49,0.462,0.678,0.5,0.507,1.0,0.485,0.693,0.482,0.488,0.7,0.712,0.506,0.485,0.484,0.678,0.543
0.561,0.643,0.416,0.478,0.711,0.644,0.566,0.496,0.544,0.516,0.74,0.465,0.8,0.489,0.468,0.587,0.644,0.73,0.753,0.567,0.734,0.746,0.731,0.689,0.664,0.662,0.769,0.501,0.544,0.569,0.467,0.745,0.0,0.739,0.65,0.5,0.566,0.757,0.485,1.0,0.466,0.651,0.786,0.477,0.485,0.476,0.662,0.662,0.462,0.545
0.518,0.485,0.406,0.766,0.49,0.492,0.478,0.738,0.507,0.765,0.445,0.732,0.458,0.778,0.759,0.478,0.462,0.473,0.463,0.477,0.461,0.463,0.466,0.467,0.47,0.462,0.475,0.748,0.523,0.493,0.906,0.471,0.0,0.448,0.435,0.655,0.476,0.481,0.693,0.466,1.0,0.468,0.463,0.752,0.753,0.509,0.459,0.458,0.696,0.526
0.546,0.721,0.432,0.485,0.679,0.727,0.57,0.491,0.547,0.505,0.64,0.466,0.654,0.486,0.466,0.587,0.71,0.659,0.665,0.568,0.643,0.655,0.657,0.746,0.725,0.72,0.653,0.491,0.515,0.55,0.462,0.68,0.0,0.649,0.683,0.489,0.568,0.665,0.482,0.651,0.468,1.0,0.68,0.475,0.479,0.467,0.747,0.747,0.48,0.517
0.561,0.654,0.417,0.481,0.714,0.655,0.57,0.495,0.549,0.511,0.724,0.471,0.78,0.491,0.466,0.591,0.66,0.728,0.753,0.569,0.725,0.761,0.742,0.685,0.678,0.65,0.839,0.502,0.539,0.556,0.466,0.76,0.0,0.748,0.637,0.493,0.571,0.848,0.488,0.786,0.463,0.68,1.0,0.478,0.479,0.485,0.663,0.663,0.477,0.543
0.523,0.516,0.409,0.763,0.502,0.513,0.484,0.899,0.512,0.74,0.451,0.742,0.466,0.752,0.734,0.482,0.487,0.485,0.478,0.482,0.467,0.469,0.48,0.483,0.511,0.498,0.482,0.942,0.521,0.497,0.733,0.492,0.0,0.463,0.45,0.651,0.482,0.505,0.7,0.477,0.752,0.475,0.478,1.0,0.951,0.516,0.484,0.483,0.704,0.54
0.54,0.516,0.399,0.77,0.507,0.515,0.486,0.899,0.515,0.757,0.46,0.752,0.469,0.757,0.742,0.488,0.494,0.488,0.482,0.485,0.473,0.474,0.485,0.49,0.503,0.49,0.478,0.94,0.526,0.504,0.738,0.499,0.0,0.466,0.453,0.66,0.485,0.497,0.712,0.485,0.753,0.479,0.479,0.951,1.0,0.51,0.492,0.492,0.701,0.541
0.524,0.48,0.41,0.502,0.473,0.491,0.495,0.508,0.527,0.504,0.447,0.499,0.469,0.515,0.504,0.495,0.462,0.482,0.481,0.494,0.472,0.468,0.468,0.471,0.471,0.469,0.475,0.506,0.584,0.534,0.511,0.474,0.0,0.455,0.431,0.496,0.493,0.481,0.506,0.476,0.509,0.467,0.485,0.516,0.51,1.0,0.503,0.502,0.494,0.648
0.544,0.729,0.436,0.481,0.687,0.738,0.566,0.496,0.544,0.492,0.625,0.476,0.645,0.489,0.48,0.58,0.719,0.646,0.651,0.565,0.656,0.641,0.648,0.723,0.715,0.722,0.647,0.498,0.498,0.549,0.461,0.667,0.0,0.637,0.674,0.478,0.565,0.663,0.485,0.662,0.459,0.747,0.663,0.484,0.492,0.503,1.0,0.997,0.474,0.528
0.544,0.729,0.436,0.48,0.688,0.737,0.565,0.496,0.544,0.492,0.625,0.475,0.645,0.489,0.481,0.58,0.72,0.646,0.651,0.565,0.657,0.641,0.648,0.723,0.714,0.722,0.647,0.498,0.498,0.549,0.46,0.667,0.0,0.637,0.673,0.477,0.565,0.664,0.484,0.662,0.458,0.747,0.663,0.483,0.492,0.502,0.997,1.0,0.474,0.529
0.515,0.514,0.418,0.708,0.493,0.5,0.468,0.701,0.504,0.715,0.449,0.689,0.466,0.703,0.702,0.471,0.475,0.477,0.473,0.466,0.464,0.471,0.47,0.475,0.495,0.483,0.473,0.701,0.514,0.491,0.695,0.479,0.0,0.46,0.447,0.641,0.467,0.495,0.678,0.462,0.696,0.48,0.477,0.704,0.701,0.494,0.474,0.474,1.0,0.525
0.592,0.527,0.441,0.557,0.517,0.523,0.522,0.545,0.593,0.564,0.51,0.529,0.53,0.556,0.547,0.537,0.527,0.546,0.536,0.523,0.524,0.536,0.524,0.537,0.524,0.527,0.54,0.562,0.817,0.586,0.531,0.522,0.0,0.526,0.499,0.565,0.522,0.543,0.543,0.545,0.526,0.517,0.543,0.54,0.541,0.648,0.528,0.529,0.525,1.0
