GCF_000163235.1_ASM16323v1_genomic.fna,GCF_000164555.1_ASM16455v1_genomic.fna,GCF_000208545.1_ASM20854v2_genomic.fna,GCF_000233875.1_ASM23387v1_genomic.fna,GCF_000249735.1_ASM24973v2_genomic.fna,GCF_000261145.1_Esch_coli_M919_V2_genomic.fna,GCF_000267705.2_ASM26770v2_genomic.fna,GCF_000350665.1_Esch_coli_KTE5_V1_genomic.fna,GCF_000351625.1_Esch_coli_KTE66_V1_genomic.fna,GCF_000352285.1_Esch_coli_KTE46_V1_genomic.fna,GCF_000358895.1_ASM35889v1_genomic.fna,GCF_000456385.1_Esch_coli_HVH_26_4-5703913_V1_genomic.fna,GCF_000458195.1_Esch_coli_HVH_147_4-5893887_V1_genomic.fna,GCF_000459755.1_Esch_coli_KOEGE_58_171a_V1_genomic.fna,GCF_000460055.1_Esch_coli_UMEA_3053-1_V1_genomic.fna,GCF_000462165.2_ASM46216v2_genomic.fna,GCF_000601135.1_ASM60113v1_genomic.fna,GCF_000614595.1_Ec2010EL1058_genomic.fna,GCF_000617745.1_Ec2010C-4529_genomic.fna,GCF_000618265.2_EcF6751_genomic.fna,GCF_000619005.2_Ec2009C-4052_genomic.fna,GCF_000619105.1_Ec2009C-4780_genomic.fna,GCF_000619765.2_Ec2009C-3279_genomic.fna,GCF_000687005.1_ASM68700v1_genomic.fna,GCF_000687025.1_ASM68702v1_genomic.fna,GCF_000700125.1_ASM70012v1_genomic.fna,GCF_000753315.1_FHI35_genomic.fna,GCF_000776375.1_ASM77637v1_genomic.fna,GCF_000779395.1_ASM77939v1_genomic.fna,GCF_000780315.1_ASM78031v1_genomic.fna,GCF_000781995.1_ASM78199v1_genomic.fna,GCF_000986765.1_ASM98676v1_genomic.fna,GCF_001041375.1_ViralProj287958_genomic.fna,GCF_001265335.1_302014_genomic.fna,GCF_001265625.1_100854_genomic.fna,GCF_001267345.1_303289_genomic.fna,GCF_001309985.1_ASM130998v1_genomic.fna,GCF_001521695.1_ASM152169v1_genomic.fna,GCF_001592595.1_ASM159259v1_genomic.fna,GCF_001614975.1_ASM161497v1_genomic.fna,GCF_001692775.1_ASM169277v1_genomic.fna,GCF_001748915.1_ASM174891v1_genomic.fna,GCF_001749235.1_ASM174923v1_genomic.fna,GCF_001881155.1_ASM188115v1_genomic.fna,GCF_001881345.1_ASM188134v1_genomic.fna,GCF_001892405.1_ASM189240v1_genomic.fna,GCF_001892585.1_ASM189258v1_genomic.fna,GCF_001893985.1_ASM189398v1_genomic.fna,GCF_002001595.1_ASM200159v1_genomic.fna,GCF_002002145.1_ASM200214v1_genomic.fna
1.0,0.584,0.501,0.521,0.571,0.568,0.535,0.535,0.655,0.527,0.555,0.543,0.568,0.518,0.507,0.543,0.537,0.577,0.548,0.527,0.534,0.569,0.575,0.574,0.558,0.546,0.57,0.533,0.614,0.651,0.493,0.556,0.0,0.552,0.508,0.497,0.531,0.585,0.499,0.561,0.506,0.555,0.58,0.529,0.537,0.543,0.542,0.541,0.505,0.614
0.584,1.0,0.455,0.519,0.685,0.794,0.6,0.531,0.539,0.512,0.657,0.533,0.671,0.502,0.508,0.602,0.705,0.674,0.679,0.59,0.658,0.674,0.683,0.784,0.797,0.724,0.683,0.526,0.579,0.544,0.492,0.689,0.0,0.665,0.73,0.499,0.594,0.704,0.505,0.67,0.498,0.715,0.688,0.537,0.538,0.493,0.719,0.719,0.509,0.561
0.501,0.455,1.0,0.417,0.456,0.449,0.421,0.424,0.484,0.432,0.461,0.426,0.466,0.429,0.416,0.43,0.442,0.458,0.436,0.417,0.431,0.47,0.463,0.462,0.461,0.453,0.463,0.425,0.482,0.497,0.408,0.455,0.0,0.449,0.414,0.408,0.42,0.459,0.421,0.467,0.426,0.455,0.473,0.427,0.424,0.424,0.453,0.452,0.415,0.475
0.521,0.519,0.417,1.0,0.505,0.51,0.483,0.746,0.506,0.784,0.495,0.791,0.512,0.824,0.814,0.488,0.502,0.498,0.484,0.477,0.474,0.514,0.513,0.515,0.516,0.505,0.499,0.784,0.556,0.507,0.76,0.507,0.0,0.487,0.469,0.681,0.48,0.513,0.704,0.504,0.786,0.504,0.501,0.773,0.77,0.495,0.485,0.484,0.738,0.548
0.571,0.685,0.456,0.505,1.0,0.709,0.58,0.506,0.55,0.508,0.79,0.504,0.758,0.506,0.489,0.594,0.666,0.721,0.708,0.572,0.704,0.743,0.736,0.687,0.684,0.677,0.749,0.5,0.56,0.553,0.493,0.734,0.0,0.714,0.648,0.485,0.576,0.755,0.497,0.752,0.506,0.703,0.761,0.495,0.498,0.481,0.701,0.7,0.503,0.532
0.568,0.794,0.449,0.51,0.709,1.0,0.606,0.525,0.55,0.51,0.67,0.517,0.689,0.513,0.502,0.611,0.721,0.688,0.671,0.597,0.647,0.688,0.688,0.799,0.809,0.731,0.684,0.516,0.577,0.546,0.498,0.69,0.0,0.671,0.76,0.51,0.601,0.713,0.527,0.685,0.499,0.747,0.701,0.509,0.513,0.479,0.737,0.736,0.504,0.554
0.535,0.6,0.421,0.483,0.58,0.606,1.0,0.487,0.541,0.466,0.57,0.49,0.578,0.483,0.484,0.947,0.569,0.631,0.629,0.976,0.637,0.62,0.64,0.593,0.584,0.57,0.593,0.477,0.549,0.527,0.465,0.59,0.0,0.605,0.554,0.494,0.985,0.586,0.499,0.582,0.466,0.593,0.606,0.484,0.484,0.492,0.58,0.58,0.472,0.554
0.535,0.531,0.424,0.746,0.506,0.525,0.487,1.0,0.51,0.732,0.488,0.765,0.51,0.75,0.734,0.495,0.487,0.509,0.502,0.48,0.481,0.512,0.515,0.518,0.506,0.499,0.507,0.915,0.577,0.513,0.726,0.505,0.0,0.496,0.469,0.664,0.483,0.523,0.717,0.514,0.73,0.509,0.519,0.911,0.903,0.509,0.507,0.506,0.715,0.548
0.655,0.539,0.484,0.506,0.55,0.55,0.541,0.51,1.0,0.507,0.546,0.516,0.562,0.509,0.504,0.551,0.515,0.552,0.54,0.534,0.515,0.563,0.556,0.549,0.536,0.53,0.555,0.516,0.605,0.667,0.496,0.554,0.0,0.54,0.501,0.499,0.537,0.55,0.503,0.556,0.498,0.551,0.569,0.508,0.507,0.513,0.538,0.537,0.498,0.595
0.527,0.512,0.432,0.784,0.508,0.51,0.466,0.732,0.507,1.0,0.507,0.747,0.523,0.779,0.738,0.478,0.499,0.49,0.474,0.458,0.455,0.509,0.499,0.517,0.52,0.518,0.492,0.749,0.552,0.511,0.769,0.486,0.0,0.48,0.475,0.674,0.462,0.505,0.708,0.514,0.776,0.508,0.496,0.739,0.744,0.487,0.489,0.488,0.719,0.529
0.555,0.657,0.461,0.495,0.79,0.67,0.57,0.488,0.546,0.507,1.0,0.487,0.783,0.502,0.478,0.58,0.681,0.72,0.699,0.563,0.682,0.743,0.731,0.717,0.679,0.696,0.739,0.487,0.552,0.552,0.474,0.713,0.0,0.709,0.674,0.485,0.566,0.731,0.486,0.767,0.483,0.691,0.743,0.479,0.48,0.465,0.673,0.672,0.481,0.532
0.543,0.533,0.426,0.791,0.504,0.517,0.49,0.765,0.516,0.747,0.487,1.0,0.51,0.791,0.873,0.503,0.488,0.501,0.492,0.485,0.48,0.514,0.513,0.524,0.512,0.502,0.507,0.778,0.575,0.518,0.726,0.513,0.0,0.496,0.464,0.666,0.488,0.519,0.712,0.503,0.753,0.507,0.516,0.769,0.771,0.509,0.501,0.5,0.712,0.559
0.568,0.671,0.466,0.512,0.758,0.689,0.578,0.51,0.562,0.523,0.783,0.51,1.0,0.513,0.5,0.59,0.691,0.744,0.745,0.571,0.728,0.806,0.794,0.722,0.692,0.706,0.787,0.51,0.561,0.568,0.493,0.743,0.0,0.771,0.667,0.494,0.573,0.769,0.503,0.81,0.503,0.694,0.778,0.5,0.499,0.476,0.684,0.683,0.499,0.548
0.518,0.502,0.429,0.824,0.506,0.513,0.483,0.75,0.509,0.779,0.502,0.791,0.513,1.0,0.81,0.49,0.486,0.497,0.483,0.479,0.464,0.515,0.506,0.506,0.51,0.505,0.494,0.786,0.554,0.506,0.773,0.496,0.0,0.486,0.467,0.671,0.482,0.508,0.717,0.508,0.793,0.501,0.496,0.777,0.775,0.497,0.484,0.483,0.741,0.538
0.507,0.508,0.416,0.814,0.489,0.502,0.484,0.734,0.504,0.738,0.478,0.873,0.5,0.81,1.0,0.489,0.478,0.495,0.48,0.48,0.472,0.508,0.509,0.483,0.493,0.487,0.496,0.771,0.562,0.499,0.746,0.494,0.0,0.49,0.448,0.664,0.483,0.512,0.714,0.493,0.767,0.494,0.505,0.762,0.76,0.502,0.496,0.495,0.715,0.566
0.543,0.602,0.43,0.488,0.594,0.611,0.947,0.495,0.551,0.478,0.58,0.503,0.59,0.49,0.489,1.0,0.577,0.624,0.635,0.944,0.608,0.63,0.641,0.597,0.593,0.585,0.606,0.486,0.556,0.543,0.476,0.587,0.0,0.61,0.56,0.507,0.946,0.6,0.505,0.593,0.478,0.604,0.617,0.49,0.49,0.493,0.594,0.594,0.481,0.556
0.537,0.705,0.442,0.502,0.666,0.721,0.569,0.487,0.515,0.499,0.681,0.488,0.691,0.486,0.478,0.577,1.0,0.642,0.628,0.559,0.603,0.668,0.655,0.777,0.759,0.785,0.649,0.485,0.543,0.522,0.474,0.674,0.0,0.645,0.717,0.492,0.563,0.652,0.489,0.675,0.475,0.704,0.657,0.481,0.483,0.445,0.69,0.689,0.482,0.519
0.577,0.674,0.458,0.498,0.721,0.688,0.631,0.509,0.552,0.49,0.72,0.501,0.744,0.497,0.495,0.624,0.642,1.0,0.789,0.614,0.75,0.781,0.786,0.674,0.66,0.658,0.756,0.501,0.57,0.551,0.485,0.738,0.0,0.742,0.631,0.519,0.619,0.736,0.515,0.739,0.485,0.684,0.761,0.501,0.5,0.482,0.673,0.672,0.488,0.552
0.548,0.679,0.436,0.484,0.708,0.671,0.629,0.502,0.54,0.474,0.699,0.492,0.745,0.483,0.48,0.635,0.628,0.789,1.0,0.622,0.758,0.778,0.793,0.663,0.652,0.636,0.757,0.488,0.558,0.536,0.475,0.726,0.0,0.746,0.631,0.5,0.624,0.731,0.499,0.724,0.473,0.675,0.745,0.49,0.492,0.477,0.671,0.671,0.475,0.547
0.527,0.59,0.417,0.477,0.572,0.597,0.976,0.48,0.534,0.458,0.563,0.485,0.571,0.479,0.48,0.944,0.559,0.614,0.622,1.0,0.629,0.613,0.629,0.58,0.581,0.563,0.586,0.471,0.543,0.522,0.461,0.581,0.0,0.599,0.545,0.49,0.988,0.578,0.493,0.574,0.463,0.585,0.598,0.476,0.476,0.491,0.571,0.571,0.466,0.547
0.534,0.658,0.431,0.474,0.704,0.647,0.637,0.481,0.515,0.455,0.682,0.48,0.728,0.464,0.472,0.608,0.603,0.75,0.758,0.629,1.0,0.756,0.775,0.644,0.629,0.619,0.727,0.475,0.535,0.529,0.452,0.721,0.0,0.75,0.608,0.482,0.634,0.71,0.489,0.725,0.459,0.637,0.73,0.478,0.477,0.489,0.66,0.66,0.457,0.535
0.569,0.674,0.47,0.514,0.743,0.688,0.62,0.512,0.563,0.509,0.743,0.514,0.806,0.515,0.508,0.63,0.668,0.781,0.778,0.613,0.756,1.0,0.934,0.688,0.678,0.667,0.783,0.512,0.561,0.572,0.502,0.757,0.0,0.874,0.647,0.519,0.616,0.773,0.518,0.784,0.504,0.699,0.793,0.507,0.507,0.481,0.678,0.677,0.503,0.552
0.575,0.683,0.463,0.513,0.736,0.688,0.64,0.515,0.556,0.499,0.731,0.513,0.794,0.506,0.509,0.641,0.655,0.786,0.793,0.629,0.775,0.934,1.0,0.676,0.671,0.658,0.786,0.51,0.574,0.556,0.494,0.76,0.0,0.872,0.636,0.512,0.635,0.767,0.528,0.767,0.497,0.687,0.781,0.512,0.51,0.484,0.676,0.675,0.491,0.559
0.574,0.784,0.462,0.515,0.687,0.799,0.593,0.518,0.549,0.517,0.717,0.524,0.722,0.506,0.483,0.597,0.777,0.674,0.663,0.58,0.644,0.688,0.676,1.0,0.842,0.793,0.684,0.506,0.558,0.554,0.494,0.685,0.0,0.66,0.813,0.497,0.587,0.686,0.491,0.706,0.499,0.733,0.677,0.5,0.502,0.467,0.704,0.703,0.487,0.546
0.558,0.797,0.461,0.516,0.684,0.809,0.584,0.506,0.536,0.52,0.679,0.512,0.692,0.51,0.493,0.593,0.759,0.66,0.652,0.581,0.629,0.678,0.671,0.842,1.0,0.784,0.671,0.504,0.555,0.547,0.493,0.683,0.0,0.647,0.787,0.491,0.585,0.685,0.493,0.69,0.496,0.731,0.682,0.506,0.504,0.469,0.707,0.706,0.506,0.534
0.546,0.724,0.453,0.505,0.677,0.731,0.57,0.499,0.53,0.518,0.696,0.502,0.706,0.505,0.487,0.585,0.785,0.658,0.636,0.563,0.619,0.667,0.658,0.793,0.784,1.0,0.662,0.498,0.547,0.536,0.484,0.658,0.0,0.64,0.739,0.496,0.567,0.666,0.484,0.69,0.49,0.729,0.663,0.498,0.493,0.459,0.713,0.712,0.499,0.53
0.57,0.683,0.463,0.499,0.749,0.684,0.593,0.507,0.555,0.492,0.739,0.507,0.787,0.494,0.496,0.606,0.649,0.756,0.757,0.586,0.727,0.783,0.786,0.684,0.671,0.662,1.0,0.5,0.568,0.56,0.489,0.764,0.0,0.754,0.634,0.492,0.591,0.827,0.5,0.786,0.488,0.686,0.857,0.498,0.496,0.491,0.679,0.678,0.49,0.55
0.533,0.526,0.425,0.784,0.5,0.516,0.477,0.915,0.516,0.749,0.487,0.778,0.51,0.786,0.771,0.486,0.485,0.501,0.488,0.471,0.475,0.512,0.51,0.506,0.504,0.498,0.5,1.0,0.565,0.516,0.735,0.503,0.0,0.489,0.462,0.673,0.475,0.52,0.715,0.503,0.759,0.509,0.508,0.969,0.955,0.507,0.5,0.499,0.735,0.549
0.614,0.579,0.482,0.556,0.56,0.577,0.549,0.577,0.605,0.552,0.552,0.575,0.561,0.554,0.562,0.556,0.543,0.57,0.558,0.543,0.535,0.561,0.574,0.558,0.555,0.547,0.568,0.565,1.0,0.588,0.546,0.567,0.0,0.551,0.513,0.537,0.546,0.572,0.549,0.556,0.545,0.553,0.571,0.562,0.565,0.628,0.549,0.548,0.535,0.841
0.651,0.544,0.497,0.507,0.553,0.546,0.527,0.513,0.667,0.511,0.552,0.518,0.568,0.506,0.499,0.543,0.522,0.551,0.536,0.522,0.529,0.572,0.556,0.554,0.547,0.536,0.56,0.516,0.588,1.0,0.494,0.546,0.0,0.54,0.506,0.496,0.525,0.556,0.505,0.571,0.509,0.551,0.569,0.511,0.51,0.554,0.542,0.541,0.499,0.588
0.493,0.492,0.408,0.76,0.493,0.498,0.465,0.726,0.496,0.769,0.474,0.726,0.493,0.773,0.746,0.476,0.474,0.485,0.475,0.461,0.452,0.502,0.494,0.494,0.493,0.484,0.489,0.735,0.546,0.494,1.0,0.485,0.0,0.476,0.451,0.664,0.463,0.502,0.694,0.486,0.889,0.493,0.493,0.721,0.72,0.479,0.473,0.472,0.722,0.521
0.556,0.689,0.455,0.507,0.734,0.69,0.59,0.505,0.554,0.486,0.713,0.513,0.743,0.496,0.494,0.587,0.674,0.738,0.726,0.581,0.721,0.757,0.76,0.685,0.683,0.658,0.764,0.503,0.567,0.546,0.485,1.0,0.0,0.731,0.63,0.487,0.586,0.773,0.503,0.761,0.482,0.696,0.785,0.498,0.501,0.467,0.694,0.693,0.491,0.537
0.0,0.0,0.0,0.0,0.0,0.0,0.0,0.0,0.0,0.0,0.0,0.0,0.0,0.0,0.0,0.0,0.0,0.0,0.0,0.0,0.0,0.0,0.0,0.0,0.0,0.0,0.0,0.0,0.0,0.0,0.0,0.0,1.0,0.0,0.0,0.0,0.0,0.0,0.0,0.0,0.0,0.0,0.0,0.0,0.0,0.0,0.0,0.0,0.0,0.0
0.552,0.665,0.449,0.487,0.714,0.671,0.605,0.496,0.54,0.48,0.709,0.496,0.771,0.486,0.49,0.61,0.645,0.742,0.746,0.599,0.75,0.874,0.872,0.66,0.647,0.64,0.754,0.489,0.551,0.54,0.476,0.731,0.0,1.0,0.622,0.516,0.601,0.739,0.518,0.749,0.474,0.671,0.764,0.491,0.496,0.469,0.665,0.665,0.475,0.542
0.508,0.73,0.414,0.469,0.648,0.76,0.554,0.469,0.501,0.475,0.674,0.464,0.667,0.467,0.448,0.56,0.717,0.631,0.631,0.545,0.608,0.647,0.636,0.813,0.787,0.739,0.634,0.462,0.513,0.506,0.451,0.63,0.0,0.622,1.0,0.466,0.55,0.635,0.458,0.659,0.454,0.69,0.641,0.456,0.463,0.43,0.657,0.657,0.456,0.491
0.497,0.499,0.408,0.681,0.485,0.51,0.494,0.664,0.499,0.674,0.485,0.666,0.494,0.671,0.664,0.507,0.492,0.519,0.5,0.49,0.482,0.519,0.512,0.497,0.491,0.496,0.492,0.673,0.537,0.496,0.664,0.487,0.0,0.516,0.466,1.0,0.489,0.499,0.692,0.501,0.673,0.512,0.505,0.663,0.667,0.484,0.485,0.484,0.654,0.522
0.531,0.594,0.42,0.48,0.576,0.601,0.985,0.483,0.537,0.462,0.566,0.488,0.573,0.482,0.483,0.946,0.563,0.619,0.624,0.988,0.634,0.616,0.635,0.587,0.585,0.567,0.591,0.475,0.546,0.525,0.463,0.586,0.0,0.601,0.55,0.489,1.0,0.582,0.495,0.578,0.465,0.589,0.601,0.481,0.481,0.492,0.576,0.576,0.468,0.551
0.585,0.704,0.459,0.513,0.755,0.713,0.586,0.523,0.55,0.505,0.731,0.519,0.769,0.508,0.512,0.6,0.652,0.736,0.731,0.578,0.71,0.773,0.767,0.686,0.685,0.666,0.827,0.52,0.572,0.556,0.502,0.773,0.0,0.739,0.635,0.499,0.582,1.0,0.512,0.776,0.506,0.7,0.865,0.513,0.507,0.483,0.695,0.694,0.499,0.559
0.499,0.505,0.421,0.704,0.497,0.527,0.499,0.717,0.503,0.708,0.486,0.712,0.503,0.717,0.714,0.505,0.489,0.515,0.499,0.493,0.489,0.518,0.528,0.491,0.493,0.484,0.5,0.715,0.549,0.505,0.694,0.503,0.0,0.518,0.458,0.692,0.495,0.512,1.0,0.503,0.695,0.524,0.521,0.713,0.712,0.494,0.509,0.508,0.692,0.533
0.561,0.67,0.467,0.504,0.752,0.685,0.582,0.514,0.556,0.514,0.767,0.503,0.81,0.508,0.493,0.593,0.675,0.739,0.724,0.574,0.725,0.784,0.767,0.706,0.69,0.69,0.786,0.503,0.556,0.571,0.486,0.761,0.0,0.749,0.659,0.501,0.578,0.776,0.503,1.0,0.495,0.695,0.79,0.494,0.5,0.484,0.693,0.692,0.491,0.549
0.506,0.498,0.426,0.786,0.506,0.499,0.466,0.73,0.498,0.776,0.483,0.753,0.503,0.793,0.767,0.478,0.475,0.485,0.473,0.463,0.459,0.504,0.497,0.499,0.496,0.49,0.488,0.759,0.545,0.509,0.889,0.482,0.0,0.474,0.454,0.673,0.465,0.506,0.695,0.495,1.0,0.497,0.492,0.747,0.744,0.49,0.475,0.474,0.724,0.53
0.555,0.715,0.455,0.504,0.703,0.747,0.593,0.509,0.551,0.508,0.691,0.507,0.694,0.501,0.494,0.604,0.704,0.684,0.675,0.585,0.637,0.699,0.687,0.733,0.731,0.729,0.686,0.509,0.553,0.551,0.493,0.696,0.0,0.671,0.69,0.512,0.589,0.7,0.524,0.695,0.497,1.0,0.725,0.5,0.499,0.471,0.765,0.764,0.498,0.535
0.58,0.688,0.473,0.501,0.761,0.701,0.606,0.519,0.569,0.496,0.743,0.516,0.778,0.496,0.505,0.617,0.657,0.761,0.745,0.598,0.73,0.793,0.781,0.677,0.682,0.663,0.857,0.508,0.571,0.569,0.493,0.785,0.0,0.764,0.641,0.505,0.601,0.865,0.521,0.79,0.492,0.725,1.0,0.502,0.505,0.494,0.696,0.695,0.492,0.559
0.529,0.537,0.427,0.773,0.495,0.509,0.484,0.911,0.508,0.739,0.479,0.769,0.5,0.777,0.762,0.49,0.481,0.501,0.49,0.476,0.478,0.507,0.512,0.5,0.506,0.498,0.498,0.969,0.562,0.511,0.721,0.498,0.0,0.491,0.456,0.663,0.481,0.513,0.713,0.494,0.747,0.5,0.502,1.0,0.971,0.516,0.504,0.504,0.734,0.546
0.537,0.538,0.424,0.77,0.498,0.513,0.484,0.903,0.507,0.744,0.48,0.771,0.499,0.775,0.76,0.49,0.483,0.5,0.492,0.476,0.477,0.507,0.51,0.502,0.504,0.493,0.496,0.955,0.565,0.51,0.72,0.501,0.0,0.496,0.463,0.667,0.481,0.507,0.712,0.5,0.744,0.499,0.505,0.971,1.0,0.513,0.503,0.503,0.731,0.544
0.543,0.493,0.424,0.495,0.481,0.479,0.492,0.509,0.513,0.487,0.465,0.509,0.476,0.497,0.502,0.493,0.445,0.482,0.477,0.491,0.489,0.481,0.484,0.467,0.469,0.459,0.491,0.507,0.628,0.554,0.479,0.467,0.0,0.469,0.43,0.484,0.492,0.483,0.494,0.484,0.49,0.471,0.494,0.516,0.513,1.0,0.494,0.494,0.492,0.69
0.542,0.719,0.453,0.485,0.701,0.737,0.58,0.507,0.538,0.489,0.673,0.501,0.684,0.484,0.496,0.594,0.69,0.673,0.671,0.571,0.66,0.678,0.676,0.704,0.707,0.713,0.679,0.5,0.549,0.542,0.473,0.694,0.0,0.665,0.657,0.485,0.576,0.695,0.509,0.693,0.475,0.765,0.696,0.504,0.503,0.494,1.0,0.999,0.485,0.547
0.541,0.719,0.452,0.484,0.7,0.736,0.58,0.506,0.537,0.488,0.672,0.5,0.683,0.483,0.495,0.594,0.689,0.672,0.671,0.571,0.66,0.677,0.675,0.703,0.706,0.712,0.678,0.499,0.548,0.541,0.472,0.693,0.0,0.665,0.657,0.484,0.576,0.694,0.508,0.692,0.474,0.764,0.695,0.504,0.503,0.494,0.999,1.0,0.484,0.547
0.505,0.509,0.415,0.738,0.503,0.504,0.472,0.715,0.498,0.719,0.481,0.712,0.499,0.741,0.715,0.481,0.482,0.488,0.475,0.466,0.457,0.503,0.491,0.487,0.506,0.499,0.49,0.735,0.535,0.499,0.722,0.491,0.0,0.475,0.456,0.654,0.468,0.499,0.692,0.491,0.724,0.498,0.492,0.734,0.731,0.492,0.485,0.484,1.0,0.52
0.614,0.561,0.475,0.548,0.532,0.554,0.554,0.548,0.595,0.529,0.532,0.559,0.548,0.538,0.566,0.556,0.519,0.552,0.547,0.547,0.535,0.552,0.559,0.546,0.534,0.53,0.55,0.549,0.841,0.588,0.521,0.537,0.0,0.542,0.491,0.522,0.551,0.559,0.533,0.549,0.53,0.535,0.559,0.546,0.544,0.69,0.547,0.547,0.52,1.0
