GCF_000163235.1_ASM16323v1_genomic.fna,GCF_000164555.1_ASM16455v1_genomic.fna,GCF_000208545.1_ASM20854v2_genomic.fna,GCF_000233875.1_ASM23387v1_genomic.fna,GCF_000249735.1_ASM24973v2_genomic.fna,GCF_000261145.1_Esch_coli_M919_V2_genomic.fna,GCF_000267705.2_ASM26770v2_genomic.fna,GCF_000350665.1_Esch_coli_KTE5_V1_genomic.fna,GCF_000351625.1_Esch_coli_KTE66_V1_genomic.fna,GCF_000352285.1_Esch_coli_KTE46_V1_genomic.fna,GCF_000358895.1_ASM35889v1_genomic.fna,GCF_000456385.1_Esch_coli_HVH_26_4-5703913_V1_genomic.fna,GCF_000458195.1_Esch_coli_HVH_147_4-5893887_V1_genomic.fna,GCF_000459755.1_Esch_coli_KOEGE_58_171a_V1_genomic.fna,GCF_000460055.1_Esch_coli_UMEA_3053-1_V1_genomic.fna,GCF_000462165.2_ASM46216v2_genomic.fna,GCF_000601135.1_ASM60113v1_genomic.fna,GCF_000614595.1_Ec2010EL1058_genomic.fna,GCF_000617745.1_Ec2010C-4529_genomic.fna,GCF_000618265.2_EcF6751_genomic.fna,GCF_000619005.2_Ec2009C-4052_genomic.fna,GCF_000619105.1_Ec2009C-4780_genomic.fna,GCF_000619765.2_Ec2009C-3279_genomic.fna,GCF_000687005.1_ASM68700v1_genomic.fna,GCF_000687025.1_ASM68702v1_genomic.fna,GCF_000700125.1_ASM70012v1_genomic.fna,GCF_000753315.1_FHI35_genomic.fna,GCF_000776375.1_ASM77637v1_genomic.fna,GCF_000779395.1_ASM77939v1_genomic.fna,GCF_000780315.1_ASM78031v1_genomic.fna,GCF_000781995.1_ASM78199v1_genomic.fna,GCF_000986765.1_ASM98676v1_genomic.fna,GCF_001041375.1_ViralProj287958_genomic.fna,GCF_001265335.1_302014_genomic.fna,GCF_001265625.1_100854_genomic.fna,GCF_001267345.1_303289_genomic.fna,GCF_001309985.1_ASM130998v1_genomic.fna,GCF_001521695.1_ASM152169v1_genomic.fna,GCF_001592595.1_ASM159259v1_genomic.fna,GCF_001614975.1_ASM161497v1_genomic.fna,GCF_001692775.1_ASM169277v1_genomic.fna,GCF_001748915.1_ASM174891v1_genomic.fna,GCF_001749235.1_ASM174923v1_genomic.fna,GCF_001881155.1_ASM188115v1_genomic.fna,GCF_001881345.1_ASM188134v1_genomic.fna,GCF_001892405.1_ASM189240v1_genomic.fna,GCF_001892585.1_ASM189258v1_genomic.fna,GCF_001893985.1_ASM189398v1_genomic.fna,GCF_002001595.1_ASM200159v1_genomic.fna,GCF_002002145.1_ASM200214v1_genomic.fna
1.0,0.505,0.394,0.447,0.48,0.488,0.448,0.47,0.573,0.464,0.441,0.471,0.459,0.451,0.443,0.455,0.464,0.47,0.459,0.443,0.452,0.451,0.458,0.475,0.477,0.453,0.46,0.451,0.513,0.571,0.433,0.453,0.0,0.447,0.451,0.451,0.443,0.493,0.444,0.471,0.443,0.461,0.473,0.455,0.464,0.48,0.466,0.466,0.417,0.507
0.505,1.0,0.348,0.443,0.636,0.793,0.518,0.461,0.461,0.44,0.579,0.459,0.618,0.439,0.433,0.526,0.714,0.619,0.614,0.514,0.582,0.605,0.592,0.807,0.819,0.712,0.616,0.453,0.455,0.452,0.429,0.606,0.0,0.583,0.757,0.417,0.514,0.643,0.419,0.626,0.441,0.711,0.618,0.46,0.456,0.417,0.673,0.674,0.427,0.456
0.394,0.348,1.0,0.303,0.336,0.327,0.314,0.33,0.376,0.313,0.324,0.315,0.346,0.298,0.305,0.326,0.339,0.324,0.322,0.312,0.318,0.336,0.325,0.335,0.334,0.34,0.332,0.32,0.365,0.377,0.298,0.322,0.0,0.33,0.301,0.32,0.312,0.341,0.305,0.338,0.315,0.339,0.334,0.323,0.312,0.343,0.336,0.336,0.323,0.368
0.447,0.443,0.303,1.0,0.41,0.436,0.404,0.725,0.43,0.718,0.385,0.739,0.411,0.764,0.763,0.405,0.425,0.408,0.411,0.401,0.403,0.415,0.416,0.426,0.431,0.418,0.417,0.753,0.45,0.407,0.717,0.419,0.0,0.395,0.404,0.636,0.401,0.408,0.671,0.411,0.745,0.417,0.408,0.754,0.744,0.442,0.416,0.416,0.664,0.472
0.48,0.636,0.336,0.41,1.0,0.647,0.529,0.434,0.452,0.407,0.722,0.425,0.701,0.418,0.403,0.542,0.628,0.666,0.67,0.527,0.668,0.664,0.666,0.63,0.627,0.628,0.68,0.415,0.444,0.45,0.407,0.685,0.0,0.669,0.6,0.406,0.525,0.695,0.401,0.703,0.423,0.64,0.698,0.411,0.421,0.412,0.653,0.654,0.4,0.436
0.488,0.793,0.327,0.436,0.647,1.0,0.543,0.463,0.455,0.427,0.576,0.446,0.615,0.445,0.424,0.549,0.696,0.639,0.622,0.537,0.604,0.614,0.615,0.783,0.803,0.686,0.603,0.439,0.469,0.45,0.427,0.615,0.0,0.613,0.753,0.43,0.537,0.633,0.452,0.627,0.437,0.699,0.624,0.437,0.437,0.422,0.695,0.696,0.42,0.465
0.448,0.518,0.314,0.404,0.529,0.543,1.0,0.412,0.439,0.383,0.482,0.396,0.512,0.399,0.391,0.956,0.516,0.55,0.536,0.985,0.552,0.533,0.56,0.517,0.521,0.514,0.506,0.397,0.414,0.424,0.4,0.507,0.0,0.529,0.494,0.411,0.986,0.501,0.414,0.51,0.402,0.513,0.504,0.4,0.404,0.412,0.509,0.509,0.387,0.423
0.47,0.461,0.33,0.725,0.434,0.463,0.412,1.0,0.441,0.702,0.405,0.712,0.441,0.721,0.693,0.417,0.444,0.431,0.432,0.409,0.418,0.436,0.425,0.458,0.442,0.433,0.43,0.906,0.482,0.428,0.695,0.434,0.0,0.414,0.427,0.633,0.41,0.449,0.681,0.449,0.71,0.441,0.439,0.904,0.885,0.449,0.438,0.438,0.661,0.479
0.573,0.461,0.376,0.43,0.452,0.455,0.439,0.441,1.0,0.432,0.44,0.433,0.461,0.431,0.435,0.443,0.466,0.441,0.434,0.437,0.429,0.45,0.443,0.458,0.465,0.456,0.452,0.436,0.484,0.598,0.421,0.439,0.0,0.439,0.432,0.432,0.436,0.45,0.424,0.459,0.431,0.462,0.446,0.437,0.427,0.472,0.451,0.451,0.419,0.499
0.464,0.44,0.313,0.718,0.407,0.427,0.383,0.702,0.432,1.0,0.41,0.689,0.422,0.703,0.697,0.393,0.43,0.398,0.407,0.379,0.387,0.407,0.395,0.443,0.428,0.431,0.403,0.721,0.485,0.429,0.718,0.401,0.0,0.388,0.421,0.624,0.38,0.403,0.666,0.414,0.726,0.407,0.402,0.707,0.71,0.433,0.405,0.405,0.673,0.47
0.441,0.579,0.324,0.385,0.722,0.576,0.482,0.405,0.44,0.41,1.0,0.387,0.716,0.383,0.387,0.495,0.592,0.641,0.635,0.478,0.628,0.652,0.628,0.62,0.593,0.617,0.657,0.404,0.434,0.443,0.378,0.63,0.0,0.617,0.62,0.385,0.478,0.655,0.376,0.683,0.388,0.599,0.654,0.395,0.393,0.387,0.566,0.567,0.381,0.424
0.471,0.459,0.315,0.739,0.425,0.446,0.396,0.712,0.433,0.689,0.387,1.0,0.42,0.736,0.857,0.402,0.433,0.409,0.415,0.393,0.403,0.417,0.414,0.44,0.434,0.421,0.414,0.713,0.461,0.429,0.677,0.415,0.0,0.411,0.406,0.625,0.394,0.426,0.679,0.422,0.712,0.42,0.426,0.717,0.72,0.433,0.425,0.425,0.658,0.463
0.459,0.618,0.346,0.411,0.701,0.615,0.512,0.441,0.461,0.422,0.716,0.42,1.0,0.41,0.411,0.519,0.626,0.706,0.715,0.508,0.726,0.769,0.748,0.649,0.627,0.63,0.751,0.438,0.459,0.472,0.4,0.71,0.0,0.732,0.609,0.409,0.507,0.739,0.404,0.771,0.412,0.64,0.737,0.426,0.419,0.406,0.613,0.613,0.409,0.456
0.451,0.439,0.298,0.764,0.418,0.445,0.399,0.721,0.431,0.703,0.383,0.736,0.41,1.0,0.758,0.403,0.422,0.407,0.412,0.396,0.398,0.411,0.415,0.424,0.431,0.412,0.414,0.742,0.45,0.402,0.717,0.42,0.0,0.4,0.406,0.629,0.396,0.415,0.687,0.412,0.741,0.409,0.41,0.743,0.743,0.446,0.417,0.417,0.662,0.462
0.443,0.433,0.305,0.763,0.403,0.424,0.391,0.693,0.435,0.697,0.387,0.857,0.411,0.758,1.0,0.392,0.43,0.396,0.399,0.388,0.384,0.408,0.402,0.428,0.425,0.416,0.409,0.719,0.451,0.415,0.702,0.41,0.0,0.395,0.405,0.63,0.389,0.411,0.674,0.409,0.728,0.41,0.409,0.717,0.706,0.431,0.42,0.42,0.668,0.475
0.455,0.526,0.326,0.405,0.542,0.549,0.956,0.417,0.443,0.393,0.495,0.402,0.519,0.403,0.392,1.0,0.523,0.549,0.543,0.947,0.538,0.539,0.56,0.524,0.524,0.522,0.512,0.404,0.417,0.432,0.404,0.505,0.0,0.527,0.497,0.415,0.953,0.509,0.419,0.517,0.41,0.517,0.507,0.406,0.413,0.411,0.517,0.517,0.397,0.425
0.464,0.714,0.339,0.425,0.628,0.696,0.516,0.444,0.466,0.43,0.592,0.433,0.626,0.422,0.43,0.523,1.0,0.615,0.598,0.511,0.591,0.61,0.589,0.751,0.726,0.765,0.607,0.433,0.453,0.458,0.412,0.618,0.0,0.599,0.688,0.42,0.511,0.613,0.413,0.619,0.419,0.702,0.61,0.429,0.429,0.388,0.68,0.681,0.416,0.45
0.47,0.619,0.324,0.408,0.666,0.639,0.55,0.431,0.441,0.398,0.641,0.409,0.706,0.407,0.396,0.549,0.615,1.0,0.748,0.544,0.734,0.73,0.715,0.618,0.606,0.621,0.695,0.419,0.44,0.445,0.401,0.691,0.0,0.677,0.578,0.426,0.543,0.682,0.413,0.712,0.409,0.62,0.682,0.42,0.415,0.406,0.612,0.612,0.394,0.442
0.459,0.614,0.322,0.411,0.67,0.622,0.536,0.432,0.434,0.407,0.635,0.415,0.715,0.412,0.399,0.543,0.598,0.748,1.0,0.528,0.724,0.728,0.713,0.607,0.61,0.601,0.722,0.422,0.437,0.449,0.399,0.686,0.0,0.671,0.583,0.416,0.528,0.703,0.415,0.717,0.41,0.616,0.7,0.42,0.413,0.399,0.598,0.598,0.396,0.443
0.443,0.514,0.312,0.401,0.527,0.537,0.985,0.409,0.437,0.379,0.478,0.393,0.508,0.396,0.388,0.947,0.511,0.544,0.528,1.0,0.545,0.526,0.551,0.514,0.519,0.51,0.502,0.394,0.41,0.419,0.397,0.501,0.0,0.522,0.489,0.406,0.992,0.497,0.407,0.506,0.399,0.509,0.5,0.397,0.401,0.412,0.504,0.504,0.385,0.419
0.452,0.582,0.318,0.403,0.668,0.604,0.552,0.418,0.429,0.387,0.628,0.403,0.726,0.398,0.384,0.538,0.591,0.734,0.724,0.545,1.0,0.739,0.741,0.589,0.583,0.591,0.723,0.407,0.427,0.444,0.39,0.701,0.0,0.713,0.564,0.407,0.544,0.705,0.402,0.721,0.399,0.596,0.711,0.41,0.409,0.415,0.601,0.601,0.384,0.437
0.451,0.605,0.336,0.415,0.664,0.614,0.533,0.436,0.45,0.407,0.652,0.417,0.769,0.411,0.408,0.539,0.61,0.73,0.728,0.526,0.739,1.0,0.902,0.614,0.604,0.592,0.737,0.421,0.44,0.451,0.397,0.709,0.0,0.85,0.568,0.418,0.528,0.729,0.407,0.753,0.41,0.62,0.739,0.424,0.416,0.406,0.594,0.595,0.402,0.442
0.458,0.592,0.325,0.416,0.666,0.615,0.56,0.425,0.443,0.395,0.628,0.414,0.748,0.415,0.402,0.56,0.589,0.715,0.713,0.551,0.741,0.902,1.0,0.59,0.593,0.574,0.72,0.41,0.439,0.434,0.397,0.712,0.0,0.853,0.558,0.413,0.551,0.705,0.416,0.727,0.408,0.604,0.707,0.411,0.41,0.415,0.589,0.59,0.389,0.431
0.475,0.807,0.335,0.426,0.63,0.783,0.517,0.458,0.458,0.443,0.62,0.44,0.649,0.424,0.428,0.524,0.751,0.618,0.607,0.514,0.589,0.614,0.59,1.0,0.824,0.751,0.617,0.444,0.465,0.464,0.422,0.613,0.0,0.591,0.809,0.421,0.514,0.63,0.417,0.632,0.427,0.718,0.619,0.436,0.433,0.401,0.674,0.675,0.419,0.448
0.477,0.819,0.334,0.431,0.627,0.803,0.521,0.442,0.465,0.428,0.593,0.434,0.627,0.431,0.425,0.524,0.726,0.606,0.61,0.519,0.583,0.604,0.593,0.824,1.0,0.737,0.612,0.437,0.451,0.454,0.422,0.612,0.0,0.587,0.787,0.416,0.519,0.628,0.421,0.622,0.429,0.715,0.616,0.439,0.432,0.411,0.671,0.672,0.425,0.449
0.453,0.712,0.34,0.418,0.628,0.686,0.514,0.433,0.456,0.431,0.617,0.421,0.63,0.412,0.416,0.522,0.765,0.621,0.601,0.51,0.591,0.592,0.574,0.751,0.737,1.0,0.607,0.426,0.428,0.455,0.406,0.591,0.0,0.575,0.704,0.414,0.51,0.612,0.408,0.634,0.413,0.7,0.6,0.428,0.428,0.382,0.677,0.678,0.425,0.428
0.46,0.616,0.332,0.417,0.68,0.603,0.506,0.43,0.452,0.403,0.657,0.414,0.751,0.414,0.409,0.512,0.607,0.695,0.722,0.502,0.723,0.737,0.72,0.617,0.612,0.607,1.0,0.42,0.441,0.452,0.399,0.718,0.0,0.698,0.579,0.407,0.502,0.821,0.393,0.75,0.417,0.631,0.815,0.424,0.412,0.406,0.598,0.599,0.397,0.437
0.451,0.453,0.32,0.753,0.415,0.439,0.397,0.906,0.436,0.721,0.404,0.713,0.438,0.742,0.719,0.404,0.433,0.419,0.422,0.394,0.407,0.421,0.41,0.444,0.437,0.426,0.42,1.0,0.474,0.425,0.698,0.424,0.0,0.398,0.422,0.625,0.395,0.429,0.676,0.435,0.729,0.431,0.417,0.962,0.938,0.443,0.422,0.422,0.68,0.478
0.513,0.455,0.365,0.45,0.444,0.469,0.414,0.482,0.484,0.485,0.434,0.461,0.459,0.45,0.451,0.417,0.453,0.44,0.437,0.41,0.427,0.44,0.439,0.465,0.451,0.428,0.441,0.474,1.0,0.487,0.44,0.433,0.0,0.428,0.436,0.45,0.409,0.447,0.443,0.448,0.453,0.449,0.438,0.465,0.458,0.536,0.439,0.439,0.429,0.827
0.571,0.452,0.377,0.407,0.45,0.45,0.424,0.428,0.598,0.429,0.443,0.429,0.472,0.402,0.415,0.432,0.458,0.445,0.449,0.419,0.444,0.451,0.434,0.464,0.454,0.455,0.452,0.425,0.487,1.0,0.4,0.429,0.0,0.432,0.431,0.415,0.42,0.449,0.41,0.455,0.412,0.455,0.453,0.42,0.413,0.471,0.457,0.458,0.405,0.497
0.433,0.429,0.298,0.717,0.407,0.427,0.4,0.695,0.421,0.718,0.378,0.677,0.4,0.717,0.702,0.404,0.412,0.401,0.399,0.397,0.39,0.397,0.397,0.422,0.422,0.406,0.399,0.698,0.44,0.4,1.0,0.408,0.0,0.391,0.4,0.618,0.398,0.401,0.663,0.406,0.887,0.406,0.397,0.7,0.701,0.433,0.412,0.412,0.642,0.452
0.453,0.606,0.322,0.419,0.685,0.615,0.507,0.434,0.439,0.401,0.63,0.415,0.71,0.42,0.41,0.505,0.618,0.691,0.686,0.501,0.701,0.709,0.712,0.613,0.612,0.591,0.718,0.424,0.433,0.429,0.408,1.0,0.0,0.704,0.567,0.402,0.501,0.731,0.419,0.725,0.411,0.606,0.727,0.423,0.425,0.405,0.61,0.61,0.396,0.429
0.0,0.0,0.0,0.0,0.0,0.0,0.0,0.0,0.0,0.0,0.0,0.0,0.0,0.0,0.0,0.0,0.0,0.0,0.0,0.0,0.0,0.0,0.0,0.0,0.0,0.0,0.0,0.0,0.0,0.0,0.0,0.0,1.0,0.0,0.0,0.0,0.0,0.0,0.0,0.0,0.0,0.0,0.0,0.0,0.0,0.0,0.0,0.0,0.0,0.0
0.447,0.583,0.33,0.395,0.669,0.613,0.529,0.414,0.439,0.388,0.617,0.411,0.732,0.4,0.395,0.527,0.599,0.677,0.671,0.522,0.713,0.85,0.853,0.591,0.587,0.575,0.698,0.398,0.428,0.432,0.391,0.704,0.0,1.0,0.561,0.419,0.521,0.704,0.423,0.714,0.396,0.598,0.708,0.401,0.406,0.403,0.591,0.592,0.38,0.43
0.451,0.757,0.301,0.404,0.6,0.753,0.494,0.427,0.432,0.421,0.62,0.406,0.609,0.406,0.405,0.497,0.688,0.578,0.583,0.489,0.564,0.568,0.558,0.809,0.787,0.704,0.579,0.422,0.436,0.431,0.4,0.567,0.0,0.561,1.0,0.402,0.487,0.59,0.403,0.597,0.405,0.675,0.586,0.416,0.416,0.371,0.636,0.637,0.39,0.417
0.451,0.417,0.32,0.636,0.406,0.43,0.411,0.633,0.432,0.624,0.385,0.625,0.409,0.629,0.63,0.415,0.42,0.426,0.416,0.406,0.407,0.418,0.413,0.421,0.416,0.414,0.407,0.625,0.45,0.415,0.618,0.402,0.0,0.419,0.402,1.0,0.406,0.405,0.638,0.42,0.633,0.406,0.408,0.628,0.621,0.444,0.403,0.403,0.619,0.461
0.443,0.514,0.312,0.401,0.525,0.537,0.986,0.41,0.436,0.38,0.478,0.394,0.507,0.396,0.389,0.953,0.511,0.543,0.528,0.992,0.544,0.528,0.551,0.514,0.519,0.51,0.502,0.395,0.409,0.42,0.398,0.501,0.0,0.521,0.487,0.406,1.0,0.496,0.408,0.506,0.4,0.508,0.5,0.398,0.402,0.411,0.504,0.504,0.386,0.418
0.493,0.643,0.341,0.408,0.695,0.633,0.501,0.449,0.45,0.403,0.655,0.426,0.739,0.415,0.411,0.509,0.613,0.682,0.703,0.497,0.705,0.729,0.705,0.63,0.628,0.612,0.821,0.429,0.447,0.449,0.401,0.731,0.0,0.704,0.59,0.405,0.496,1.0,0.405,0.749,0.418,0.633,0.854,0.431,0.421,0.416,0.63,0.631,0.404,0.44
0.444,0.419,0.305,0.671,0.401,0.452,0.414,0.681,0.424,0.666,0.376,0.679,0.404,0.687,0.674,0.419,0.413,0.413,0.415,0.407,0.402,0.407,0.416,0.417,0.421,0.408,0.393,0.676,0.443,0.41,0.663,0.419,0.0,0.423,0.403,0.638,0.408,0.405,1.0,0.414,0.672,0.41,0.406,0.676,0.687,0.429,0.42,0.42,0.628,0.457
0.471,0.626,0.338,0.411,0.703,0.627,0.51,0.449,0.459,0.414,0.683,0.422,0.771,0.412,0.409,0.517,0.619,0.712,0.717,0.506,0.721,0.753,0.727,0.632,0.622,0.634,0.75,0.435,0.448,0.455,0.406,0.725,0.0,0.714,0.597,0.42,0.506,0.749,0.414,1.0,0.419,0.631,0.748,0.433,0.431,0.406,0.64,0.64,0.412,0.455
0.443,0.441,0.315,0.745,0.423,0.437,0.402,0.71,0.431,0.726,0.388,0.712,0.412,0.741,0.728,0.41,0.419,0.409,0.41,0.399,0.399,0.41,0.408,0.427,0.429,0.413,0.417,0.729,0.453,0.412,0.887,0.411,0.0,0.396,0.405,0.633,0.4,0.418,0.672,0.419,1.0,0.421,0.41,0.732,0.722,0.436,0.42,0.42,0.656,0.459
0.461,0.711,0.339,0.417,0.64,0.699,0.513,0.441,0.462,0.407,0.599,0.42,0.64,0.409,0.41,0.517,0.702,0.62,0.616,0.509,0.596,0.62,0.604,0.718,0.715,0.7,0.631,0.431,0.449,0.455,0.406,0.606,0.0,0.598,0.675,0.406,0.508,0.633,0.41,0.631,0.421,1.0,0.65,0.424,0.418,0.4,0.709,0.711,0.407,0.448
0.473,0.618,0.334,0.408,0.698,0.624,0.504,0.439,0.446,0.402,0.654,0.426,0.737,0.41,0.409,0.507,0.61,0.682,0.7,0.5,0.711,0.739,0.707,0.619,0.616,0.6,0.815,0.417,0.438,0.453,0.397,0.727,0.0,0.708,0.586,0.408,0.5,0.854,0.406,0.748,0.41,0.65,1.0,0.416,0.414,0.407,0.616,0.617,0.393,0.437
0.455,0.46,0.323,0.754,0.411,0.437,0.4,0.904,0.437,0.707,0.395,0.717,0.426,0.743,0.717,0.406,0.429,0.42,0.42,0.397,0.41,0.424,0.411,0.436,0.439,0.428,0.424,0.962,0.465,0.42,0.7,0.423,0.0,0.401,0.416,0.628,0.398,0.431,0.676,0.433,0.732,0.424,0.416,1.0,0.953,0.452,0.423,0.423,0.676,0.472
0.464,0.456,0.312,0.744,0.421,0.437,0.404,0.885,0.427,0.71,0.393,0.72,0.419,0.743,0.706,0.413,0.429,0.415,0.413,0.401,0.409,0.416,0.41,0.433,0.432,0.428,0.412,0.938,0.458,0.413,0.701,0.425,0.0,0.406,0.416,0.621,0.402,0.421,0.687,0.431,0.722,0.418,0.414,0.953,1.0,0.448,0.429,0.429,0.667,0.465
0.48,0.417,0.343,0.442,0.412,0.422,0.412,0.449,0.472,0.433,0.387,0.433,0.406,0.446,0.431,0.411,0.388,0.406,0.399,0.412,0.415,0.406,0.415,0.401,0.411,0.382,0.406,0.443,0.536,0.471,0.433,0.405,0.0,0.403,0.371,0.444,0.411,0.416,0.429,0.406,0.436,0.4,0.407,0.452,0.448,1.0,0.434,0.433,0.416,0.605
0.466,0.673,0.336,0.416,0.653,0.695,0.509,0.438,0.451,0.405,0.566,0.425,0.613,0.417,0.42,0.517,0.68,0.612,0.598,0.504,0.601,0.594,0.589,0.674,0.671,0.677,0.598,0.422,0.439,0.457,0.412,0.61,0.0,0.591,0.636,0.403,0.504,0.63,0.42,0.64,0.42,0.709,0.616,0.423,0.429,0.434,1.0,0.998,0.402,0.457
0.466,0.674,0.336,0.416,0.654,0.696,0.509,0.438,0.451,0.405,0.567,0.425,0.613,0.417,0.42,0.517,0.681,0.612,0.598,0.504,0.601,0.595,0.59,0.675,0.672,0.678,0.599,0.422,0.439,0.458,0.412,0.61,0.0,0.592,0.637,0.403,0.504,0.631,0.42,0.64,0.42,0.711,0.617,0.423,0.429,0.433,0.998,1.0,0.402,0.456
0.417,0.427,0.323,0.664,0.4,0.42,0.387,0.661,0.419,0.673,0.381,0.658,0.409,0.662,0.668,0.397,0.416,0.394,0.396,0.385,0.384,0.402,0.389,0.419,0.425,0.425,0.397,0.68,0.429,0.405,0.642,0.396,0.0,0.38,0.39,0.619,0.386,0.404,0.628,0.412,0.656,0.407,0.393,0.676,0.667,0.416,0.402,0.402,1.0,0.439
0.507,0.456,0.368,0.472,0.436,0.465,0.423,0.479,0.499,0.47,0.424,0.463,0.456,0.462,0.475,0.425,0.45,0.442,0.443,0.419,0.437,0.442,0.431,0.448,0.449,0.428,0.437,0.478,0.827,0.497,0.452,0.429,0.0,0.43,0.417,0.461,0.418,0.44,0.457,0.455,0.459,0.448,0.437,0.472,0.465,0.605,0.457,0.456,0.439,1.0
