GCF_000163235.1_ASM16323v1_genomic.fna,GCF_000164555.1_ASM16455v1_genomic.fna,GCF_000208545.1_ASM20854v2_genomic.fna,GCF_000233875.1_ASM23387v1_genomic.fna,GCF_000249735.1_ASM24973v2_genomic.fna,GCF_000261145.1_Esch_coli_M919_V2_genomic.fna,GCF_000267705.2_ASM26770v2_genomic.fna,GCF_000350665.1_Esch_coli_KTE5_V1_genomic.fna,GCF_000351625.1_Esch_coli_KTE66_V1_genomic.fna,GCF_000352285.1_Esch_coli_KTE46_V1_genomic.fna,GCF_000358895.1_ASM35889v1_genomic.fna,GCF_000456385.1_Esch_coli_HVH_26_4-5703913_V1_genomic.fna,GCF_000458195.1_Esch_coli_HVH_147_4-5893887_V1_genomic.fna,GCF_000459755.1_Esch_coli_KOEGE_58_171a_V1_genomic.fna,GCF_000460055.1_Esch_coli_UMEA_3053-1_V1_genomic.fna,GCF_000462165.2_ASM46216v2_genomic.fna,GCF_000601135.1_ASM60113v1_genomic.fna,GCF_000614595.1_Ec2010EL1058_genomic.fna,GCF_000617745.1_Ec2010C-4529_genomic.fna,GCF_000618265.2_EcF6751_genomic.fna,GCF_000619005.2_Ec2009C-4052_genomic.fna,GCF_000619105.1_Ec2009C-4780_genomic.fna,GCF_000619765.2_Ec2009C-3279_genomic.fna,GCF_000687005.1_ASM68700v1_genomic.fna,GCF_000687025.1_ASM68702v1_genomic.fna,GCF_000700125.1_ASM70012v1_genomic.fna,GCF_000753315.1_FHI35_genomic.fna,GCF_000776375.1_ASM77637v1_genomic.fna,GCF_000779395.1_ASM77939v1_genomic.fna,GCF_000780315.1_ASM78031v1_genomic.fna,GCF_000781995.1_ASM78199v1_genomic.fna,GCF_000986765.1_ASM98676v1_genomic.fna,GCF_001041375.1_ViralProj287958_genomic.fna,GCF_001265335.1_302014_genomic.fna,GCF_001265625.1_100854_genomic.fna,GCF_001267345.1_303289_genomic.fna,GCF_001309985.1_ASM130998v1_genomic.fna,GCF_001521695.1_ASM152169v1_genomic.fna,GCF_001592595.1_ASM159259v1_genomic.fna,GCF_001614975.1_ASM161497v1_genomic.fna,GCF_001692775.1_ASM169277v1_genomic.fna,GCF_001748915.1_ASM174891v1_genomic.fna,GCF_001749235.1_ASM174923v1_genomic.fna,GCF_001881155.1_ASM188115v1_genomic.fna,GCF_001881345.1_ASM188134v1_genomic.fna,GCF_001892405.1_ASM189240v1_genomic.fna,GCF_001892585.1_ASM189258v1_genomic.fna,GCF_001893985.1_ASM189398v1_genomic.fna,GCF_002001595.1_ASM200159v1_genomic.fna,GCF_002002145.1_ASM200214v1_genomic.fna
1.0,0.561,0.497,0.513,0.549,0.546,0.556,0.512,0.655,0.506,0.526,0.531,0.551,0.508,0.505,0.564,0.547,0.551,0.542,0.557,0.545,0.556,0.577,0.548,0.548,0.521,0.555,0.506,0.58,0.655,0.499,0.542,0.0,0.556,0.509,0.49,0.555,0.569,0.504,0.546,0.508,0.535,0.556,0.5,0.517,0.507,0.535,0.537,0.483,0.587
0.561,1.0,0.442,0.516,0.693,0.799,0.57,0.512,0.526,0.509,0.652,0.53,0.664,0.502,0.494,0.583,0.745,0.662,0.67,0.564,0.632,0.675,0.671,0.794,0.834,0.744,0.666,0.515,0.554,0.536,0.492,0.664,0.0,0.669,0.747,0.48,0.565,0.699,0.494,0.67,0.496,0.712,0.676,0.513,0.513,0.449,0.733,0.731,0.51,0.531
0.497,0.442,1.0,0.405,0.43,0.419,0.418,0.414,0.462,0.398,0.421,0.417,0.435,0.408,0.413,0.423,0.42,0.425,0.42,0.412,0.428,0.425,0.433,0.42,0.434,0.413,0.432,0.409,0.448,0.471,0.406,0.447,0.0,0.434,0.391,0.386,0.416,0.44,0.417,0.429,0.411,0.42,0.444,0.42,0.409,0.395,0.43,0.431,0.424,0.461
0.513,0.516,0.405,1.0,0.517,0.513,0.482,0.745,0.5,0.748,0.493,0.764,0.503,0.796,0.794,0.488,0.504,0.497,0.494,0.476,0.482,0.508,0.52,0.493,0.514,0.494,0.49,0.789,0.553,0.491,0.758,0.504,0.0,0.504,0.468,0.668,0.479,0.504,0.707,0.491,0.766,0.487,0.498,0.764,0.768,0.471,0.498,0.498,0.71,0.548
0.549,0.693,0.43,0.517,1.0,0.691,0.583,0.528,0.542,0.505,0.774,0.521,0.746,0.518,0.513,0.59,0.681,0.711,0.732,0.577,0.713,0.734,0.734,0.671,0.682,0.658,0.734,0.522,0.552,0.55,0.507,0.728,0.0,0.726,0.636,0.489,0.58,0.748,0.516,0.735,0.515,0.686,0.752,0.508,0.513,0.443,0.7,0.7,0.497,0.525
0.546,0.799,0.419,0.513,0.691,1.0,0.591,0.508,0.532,0.501,0.669,0.495,0.68,0.501,0.486,0.599,0.738,0.673,0.679,0.586,0.636,0.671,0.672,0.809,0.823,0.733,0.656,0.508,0.558,0.518,0.485,0.667,0.0,0.668,0.77,0.507,0.587,0.688,0.51,0.681,0.49,0.717,0.666,0.489,0.49,0.43,0.731,0.73,0.485,0.537
0.556,0.57,0.418,0.482,0.583,0.591,1.0,0.484,0.551,0.45,0.554,0.48,0.577,0.47,0.47,0.962,0.582,0.63,0.608,0.979,0.634,0.605,0.63,0.583,0.579,0.559,0.589,0.474,0.512,0.534,0.461,0.589,0.0,0.59,0.555,0.477,0.986,0.572,0.497,0.568,0.46,0.575,0.58,0.481,0.482,0.443,0.566,0.57,0.459,0.516
0.512,0.512,0.414,0.745,0.528,0.508,0.484,1.0,0.504,0.734,0.477,0.75,0.503,0.739,0.748,0.487,0.487,0.504,0.498,0.478,0.488,0.507,0.52,0.492,0.502,0.476,0.501,0.905,0.551,0.504,0.752,0.513,0.0,0.507,0.455,0.64,0.48,0.525,0.729,0.493,0.752,0.48,0.506,0.904,0.907,0.473,0.492,0.493,0.715,0.537
0.655,0.526,0.462,0.5,0.542,0.532,0.551,0.504,1.0,0.489,0.526,0.512,0.541,0.507,0.508,0.561,0.535,0.544,0.541,0.55,0.531,0.549,0.56,0.524,0.52,0.506,0.549,0.504,0.571,0.662,0.5,0.554,0.0,0.541,0.497,0.494,0.551,0.542,0.513,0.545,0.501,0.53,0.556,0.497,0.501,0.499,0.522,0.524,0.489,0.578
0.506,0.509,0.398,0.748,0.505,0.501,0.45,0.734,0.489,1.0,0.513,0.727,0.511,0.753,0.735,0.459,0.492,0.479,0.479,0.445,0.457,0.487,0.482,0.506,0.491,0.493,0.482,0.758,0.559,0.486,0.751,0.477,0.0,0.479,0.478,0.676,0.447,0.487,0.707,0.496,0.752,0.473,0.484,0.732,0.752,0.46,0.478,0.478,0.71,0.535
0.526,0.652,0.421,0.493,0.774,0.669,0.554,0.477,0.526,0.513,1.0,0.477,0.754,0.495,0.47,0.561,0.654,0.696,0.704,0.551,0.673,0.714,0.703,0.691,0.65,0.66,0.705,0.494,0.534,0.524,0.475,0.677,0.0,0.699,0.675,0.499,0.552,0.699,0.491,0.744,0.476,0.656,0.718,0.471,0.475,0.428,0.652,0.651,0.469,0.528
0.531,0.53,0.417,0.764,0.521,0.495,0.48,0.75,0.512,0.727,0.477,1.0,0.491,0.762,0.866,0.485,0.502,0.492,0.491,0.471,0.495,0.5,0.514,0.499,0.511,0.488,0.49,0.756,0.546,0.517,0.736,0.505,0.0,0.493,0.466,0.646,0.477,0.515,0.719,0.487,0.755,0.484,0.502,0.748,0.763,0.476,0.493,0.496,0.695,0.535
0.551,0.664,0.435,0.503,0.746,0.68,0.577,0.503,0.541,0.511,0.754,0.491,1.0,0.497,0.482,0.588,0.68,0.732,0.761,0.572,0.737,0.805,0.796,0.683,0.657,0.666,0.771,0.513,0.547,0.545,0.479,0.742,0.0,0.79,0.647,0.49,0.574,0.756,0.501,0.799,0.479,0.679,0.769,0.492,0.493,0.442,0.673,0.672,0.479,0.543
0.508,0.502,0.408,0.796,0.518,0.501,0.47,0.739,0.507,0.753,0.495,0.762,0.497,1.0,0.791,0.477,0.494,0.488,0.488,0.466,0.466,0.502,0.502,0.482,0.499,0.483,0.493,0.78,0.562,0.489,0.762,0.498,0.0,0.49,0.456,0.654,0.468,0.504,0.719,0.492,0.774,0.48,0.494,0.753,0.76,0.475,0.493,0.494,0.715,0.549
0.505,0.494,0.413,0.794,0.513,0.486,0.47,0.748,0.508,0.735,0.47,0.866,0.482,0.791,1.0,0.475,0.488,0.478,0.483,0.463,0.473,0.491,0.506,0.471,0.489,0.468,0.482,0.758,0.541,0.5,0.775,0.495,0.0,0.481,0.451,0.646,0.466,0.496,0.731,0.479,0.782,0.473,0.487,0.75,0.76,0.468,0.49,0.492,0.708,0.541
0.564,0.583,0.423,0.488,0.59,0.599,0.962,0.487,0.561,0.459,0.561,0.485,0.588,0.477,0.475,1.0,0.59,0.628,0.612,0.956,0.623,0.613,0.629,0.584,0.589,0.568,0.592,0.478,0.52,0.544,0.469,0.594,0.0,0.597,0.561,0.482,0.963,0.582,0.501,0.577,0.469,0.586,0.589,0.482,0.483,0.444,0.574,0.578,0.466,0.522
0.547,0.745,0.42,0.504,0.681,0.738,0.582,0.487,0.535,0.492,0.654,0.502,0.68,0.494,0.488,0.59,1.0,0.656,0.658,0.575,0.648,0.685,0.682,0.763,0.755,0.774,0.668,0.495,0.549,0.527,0.473,0.691,0.0,0.681,0.706,0.498,0.577,0.668,0.495,0.679,0.476,0.7,0.678,0.478,0.491,0.441,0.733,0.733,0.472,0.536
0.551,0.662,0.425,0.497,0.711,0.673,0.63,0.504,0.544,0.479,0.696,0.492,0.732,0.488,0.478,0.628,0.656,1.0,0.797,0.623,0.753,0.758,0.766,0.666,0.659,0.645,0.737,0.502,0.535,0.544,0.484,0.717,0.0,0.723,0.628,0.485,0.623,0.709,0.506,0.729,0.48,0.683,0.732,0.493,0.497,0.436,0.669,0.672,0.473,0.531
0.542,0.67,0.42,0.494,0.732,0.679,0.608,0.498,0.541,0.479,0.704,0.491,0.761,0.488,0.483,0.612,0.658,0.797,1.0,0.605,0.757,0.78,0.777,0.672,0.667,0.651,0.761,0.497,0.528,0.533,0.477,0.739,0.0,0.744,0.636,0.481,0.604,0.734,0.506,0.746,0.476,0.681,0.753,0.485,0.488,0.437,0.673,0.676,0.472,0.523
0.557,0.564,0.412,0.476,0.577,0.586,0.979,0.478,0.55,0.445,0.551,0.471,0.572,0.466,0.463,0.956,0.575,0.623,0.605,1.0,0.624,0.601,0.62,0.575,0.578,0.554,0.58,0.468,0.509,0.529,0.456,0.581,0.0,0.586,0.548,0.471,0.988,0.566,0.491,0.564,0.454,0.569,0.574,0.473,0.474,0.443,0.561,0.565,0.454,0.512
0.545,0.632,0.428,0.482,0.713,0.636,0.634,0.488,0.531,0.457,0.673,0.495,0.737,0.466,0.473,0.623,0.648,0.753,0.757,0.624,1.0,0.765,0.786,0.652,0.637,0.64,0.747,0.483,0.506,0.536,0.467,0.739,0.0,0.752,0.613,0.476,0.627,0.728,0.494,0.73,0.472,0.652,0.741,0.484,0.489,0.449,0.662,0.665,0.459,0.506
0.556,0.675,0.425,0.508,0.734,0.671,0.605,0.507,0.549,0.487,0.714,0.5,0.805,0.502,0.491,0.613,0.685,0.758,0.78,0.601,0.765,1.0,0.92,0.671,0.675,0.657,0.763,0.514,0.541,0.546,0.485,0.743,0.0,0.887,0.634,0.487,0.601,0.745,0.508,0.767,0.485,0.676,0.768,0.497,0.499,0.446,0.677,0.676,0.479,0.535
0.577,0.671,0.433,0.52,0.734,0.672,0.63,0.52,0.56,0.482,0.703,0.514,0.796,0.502,0.506,0.629,0.682,0.766,0.777,0.62,0.786,0.92,1.0,0.669,0.672,0.654,0.766,0.515,0.546,0.553,0.494,0.766,0.0,0.87,0.631,0.496,0.622,0.751,0.519,0.751,0.499,0.675,0.761,0.511,0.514,0.456,0.667,0.671,0.481,0.537
0.548,0.794,0.42,0.493,0.671,0.809,0.583,0.492,0.524,0.506,0.691,0.499,0.683,0.482,0.471,0.584,0.763,0.666,0.672,0.575,0.652,0.671,0.669,1.0,0.817,0.765,0.67,0.492,0.533,0.527,0.465,0.651,0.0,0.662,0.8,0.498,0.577,0.655,0.479,0.677,0.475,0.708,0.662,0.471,0.482,0.426,0.718,0.717,0.466,0.526
0.548,0.834,0.434,0.514,0.682,0.823,0.579,0.502,0.52,0.491,0.65,0.511,0.657,0.499,0.489,0.589,0.755,0.659,0.667,0.578,0.637,0.675,0.672,0.817,1.0,0.764,0.659,0.506,0.538,0.521,0.48,0.681,0.0,0.661,0.768,0.486,0.58,0.675,0.494,0.658,0.486,0.715,0.666,0.502,0.495,0.439,0.724,0.723,0.497,0.533
0.521,0.744,0.413,0.494,0.658,0.733,0.559,0.476,0.506,0.493,0.66,0.488,0.666,0.483,0.468,0.568,0.774,0.645,0.651,0.554,0.64,0.657,0.654,0.765,0.764,1.0,0.642,0.491,0.533,0.514,0.466,0.648,0.0,0.646,0.706,0.487,0.558,0.651,0.479,0.678,0.471,0.697,0.65,0.488,0.48,0.42,0.716,0.716,0.491,0.522
0.555,0.666,0.432,0.49,0.734,0.656,0.589,0.501,0.549,0.482,0.705,0.49,0.771,0.493,0.482,0.592,0.668,0.737,0.761,0.58,0.747,0.763,0.766,0.67,0.659,0.642,1.0,0.5,0.535,0.543,0.479,0.745,0.0,0.752,0.62,0.468,0.582,0.826,0.493,0.766,0.481,0.672,0.844,0.494,0.494,0.449,0.672,0.674,0.475,0.521
0.506,0.515,0.409,0.789,0.522,0.508,0.474,0.905,0.504,0.758,0.494,0.756,0.513,0.78,0.758,0.478,0.495,0.502,0.497,0.468,0.483,0.514,0.515,0.492,0.506,0.491,0.5,1.0,0.561,0.496,0.756,0.503,0.0,0.504,0.462,0.661,0.47,0.521,0.712,0.497,0.766,0.483,0.5,0.947,0.943,0.464,0.495,0.494,0.724,0.547
0.58,0.554,0.448,0.553,0.552,0.558,0.512,0.551,0.571,0.559,0.534,0.546,0.547,0.562,0.541,0.52,0.549,0.535,0.528,0.509,0.506,0.541,0.546,0.533,0.538,0.533,0.535,0.561,1.0,0.566,0.542,0.54,0.0,0.539,0.504,0.55,0.51,0.545,0.546,0.542,0.542,0.525,0.538,0.535,0.547,0.575,0.528,0.526,0.536,0.854
0.655,0.536,0.471,0.491,0.55,0.518,0.534,0.504,0.662,0.486,0.524,0.517,0.545,0.489,0.5,0.544,0.527,0.544,0.533,0.529,0.536,0.546,0.553,0.527,0.521,0.514,0.543,0.496,0.566,1.0,0.483,0.541,0.0,0.535,0.489,0.481,0.532,0.534,0.499,0.548,0.493,0.529,0.544,0.494,0.498,0.528,0.54,0.542,0.485,0.581
0.499,0.492,0.406,0.758,0.507,0.485,0.461,0.752,0.5,0.751,0.475,0.736,0.479,0.762,0.775,0.469,0.473,0.484,0.477,0.456,0.467,0.485,0.494,0.465,0.48,0.466,0.479,0.756,0.542,0.483,1.0,0.484,0.0,0.481,0.441,0.646,0.459,0.492,0.72,0.472,0.912,0.474,0.481,0.75,0.759,0.463,0.475,0.477,0.722,0.521
0.542,0.664,0.447,0.504,0.728,0.667,0.589,0.513,0.554,0.477,0.677,0.505,0.742,0.498,0.495,0.594,0.691,0.717,0.739,0.581,0.739,0.743,0.766,0.651,0.681,0.648,0.745,0.503,0.54,0.541,0.484,1.0,0.0,0.737,0.606,0.464,0.584,0.763,0.522,0.741,0.485,0.668,0.757,0.509,0.512,0.45,0.669,0.672,0.474,0.529
0.0,0.0,0.0,0.0,0.0,0.0,0.0,0.0,0.0,0.0,0.0,0.0,0.0,0.0,0.0,0.0,0.0,0.0,0.0,0.0,0.0,0.0,0.0,0.0,0.0,0.0,0.0,0.0,0.0,0.0,0.0,0.0,1.0,0.0,0.0,0.0,0.0,0.0,0.0,0.0,0.0,0.0,0.0,0.0,0.0,0.0,0.0,0.0,0.0,0.0
0.556,0.669,0.434,0.504,0.726,0.668,0.59,0.507,0.541,0.479,0.699,0.493,0.79,0.49,0.481,0.597,0.681,0.723,0.744,0.586,0.752,0.887,0.87,0.662,0.661,0.646,0.752,0.504,0.539,0.535,0.481,0.737,0.0,1.0,0.627,0.494,0.587,0.741,0.511,0.744,0.477,0.67,0.768,0.489,0.495,0.442,0.672,0.674,0.475,0.53
0.509,0.747,0.391,0.468,0.636,0.77,0.555,0.455,0.497,0.478,0.675,0.466,0.647,0.456,0.451,0.561,0.706,0.628,0.636,0.548,0.613,0.634,0.631,0.8,0.768,0.706,0.62,0.462,0.504,0.489,0.441,0.606,0.0,0.627,1.0,0.473,0.549,0.612,0.458,0.644,0.447,0.674,0.624,0.439,0.446,0.402,0.675,0.674,0.441,0.491
0.49,0.48,0.386,0.668,0.489,0.507,0.477,0.64,0.494,0.676,0.499,0.646,0.49,0.654,0.646,0.482,0.498,0.485,0.481,0.471,0.476,0.487,0.496,0.498,0.486,0.487,0.468,0.661,0.55,0.481,0.646,0.464,0.0,0.494,0.473,1.0,0.474,0.465,0.665,0.486,0.655,0.46,0.47,0.632,0.643,0.455,0.465,0.466,0.634,0.545
0.555,0.565,0.416,0.479,0.58,0.587,0.986,0.48,0.551,0.447,0.552,0.477,0.574,0.468,0.466,0.963,0.577,0.623,0.604,0.988,0.627,0.601,0.622,0.577,0.58,0.558,0.582,0.47,0.51,0.532,0.459,0.584,0.0,0.587,0.549,0.474,1.0,0.569,0.494,0.566,0.457,0.573,0.578,0.477,0.477,0.443,0.564,0.568,0.456,0.516
0.569,0.699,0.44,0.504,0.748,0.688,0.572,0.525,0.542,0.487,0.699,0.515,0.756,0.504,0.496,0.582,0.668,0.709,0.734,0.566,0.728,0.745,0.751,0.655,0.675,0.651,0.826,0.521,0.545,0.534,0.492,0.763,0.0,0.741,0.612,0.465,0.569,1.0,0.507,0.763,0.5,0.685,0.854,0.514,0.506,0.458,0.694,0.696,0.493,0.53
0.504,0.494,0.417,0.707,0.516,0.51,0.497,0.729,0.513,0.707,0.491,0.719,0.501,0.719,0.731,0.501,0.495,0.506,0.506,0.491,0.494,0.508,0.519,0.479,0.494,0.479,0.493,0.712,0.546,0.499,0.72,0.522,0.0,0.511,0.458,0.665,0.494,0.507,1.0,0.493,0.72,0.486,0.506,0.723,0.723,0.472,0.493,0.496,0.701,0.537
0.546,0.67,0.429,0.491,0.735,0.681,0.568,0.493,0.545,0.496,0.744,0.487,0.799,0.492,0.479,0.577,0.679,0.729,0.746,0.564,0.73,0.767,0.751,0.677,0.658,0.678,0.766,0.497,0.542,0.548,0.472,0.741,0.0,0.744,0.644,0.486,0.566,0.763,0.493,1.0,0.472,0.672,0.782,0.475,0.478,0.448,0.686,0.684,0.466,0.54
0.508,0.496,0.411,0.766,0.515,0.49,0.46,0.752,0.501,0.752,0.476,0.755,0.479,0.774,0.782,0.469,0.476,0.48,0.476,0.454,0.472,0.485,0.499,0.475,0.486,0.471,0.481,0.766,0.542,0.493,0.912,0.485,0.0,0.477,0.447,0.655,0.457,0.5,0.72,0.472,1.0,0.477,0.482,0.762,0.769,0.47,0.475,0.478,0.725,0.528
0.535,0.712,0.42,0.487,0.686,0.717,0.575,0.48,0.53,0.473,0.656,0.484,0.679,0.48,0.473,0.586,0.7,0.683,0.681,0.569,0.652,0.676,0.675,0.708,0.715,0.697,0.672,0.483,0.525,0.529,0.474,0.668,0.0,0.67,0.674,0.46,0.573,0.685,0.486,0.672,0.477,1.0,0.702,0.475,0.473,0.422,0.743,0.746,0.466,0.511
0.556,0.676,0.444,0.498,0.752,0.666,0.58,0.506,0.556,0.484,0.718,0.502,0.769,0.494,0.487,0.589,0.678,0.732,0.753,0.574,0.741,0.768,0.761,0.662,0.666,0.65,0.844,0.5,0.538,0.544,0.481,0.757,0.0,0.768,0.624,0.47,0.578,0.854,0.506,0.782,0.482,0.702,1.0,0.493,0.493,0.452,0.689,0.693,0.481,0.536
0.5,0.513,0.42,0.764,0.508,0.489,0.481,0.904,0.497,0.732,0.471,0.748,0.492,0.753,0.75,0.482,0.478,0.493,0.485,0.473,0.484,0.497,0.511,0.471,0.502,0.488,0.494,0.947,0.535,0.494,0.75,0.509,0.0,0.489,0.439,0.632,0.477,0.514,0.723,0.475,0.762,0.475,0.493,1.0,0.956,0.471,0.478,0.48,0.73,0.524
0.517,0.513,0.409,0.768,0.513,0.49,0.482,0.907,0.501,0.752,0.475,0.763,0.493,0.76,0.76,0.483,0.491,0.497,0.488,0.474,0.489,0.499,0.514,0.482,0.495,0.48,0.494,0.943,0.547,0.498,0.759,0.512,0.0,0.495,0.446,0.643,0.477,0.506,0.723,0.478,0.769,0.473,0.493,0.956,1.0,0.468,0.488,0.489,0.725,0.532
0.507,0.449,0.395,0.471,0.443,0.43,0.443,0.473,0.499,0.46,0.428,0.476,0.442,0.475,0.468,0.444,0.441,0.436,0.437,0.443,0.449,0.446,0.456,0.426,0.439,0.42,0.449,0.464,0.575,0.528,0.463,0.45,0.0,0.442,0.402,0.455,0.443,0.458,0.472,0.448,0.47,0.422,0.452,0.471,0.468,1.0,0.461,0.463,0.465,0.625
0.535,0.733,0.43,0.498,0.7,0.731,0.566,0.492,0.522,0.478,0.652,0.493,0.673,0.493,0.49,0.574,0.733,0.669,0.673,0.561,0.662,0.677,0.667,0.718,0.724,0.716,0.672,0.495,0.528,0.54,0.475,0.669,0.0,0.672,0.675,0.465,0.564,0.694,0.493,0.686,0.475,0.743,0.689,0.478,0.488,0.461,1.0,0.994,0.479,0.535
0.537,0.731,0.431,0.498,0.7,0.73,0.57,0.493,0.524,0.478,0.651,0.496,0.672,0.494,0.492,0.578,0.733,0.672,0.676,0.565,0.665,0.676,0.671,0.717,0.723,0.716,0.674,0.494,0.526,0.542,0.477,0.672,0.0,0.674,0.674,0.466,0.568,0.696,0.496,0.684,0.478,0.746,0.693,0.48,0.489,0.463,0.994,1.0,0.481,0.535
0.483,0.51,0.424,0.71,0.497,0.485,0.459,0.715,0.489,0.71,0.469,0.695,0.479,0.715,0.708,0.466,0.472,0.473,0.472,0.454,0.459,0.479,0.481,0.466,0.497,0.491,0.475,0.724,0.536,0.485,0.722,0.474,0.0,0.475,0.441,0.634,0.456,0.493,0.701,0.466,0.725,0.466,0.481,0.73,0.725,0.465,0.479,0.481,1.0,0.522
0.587,0.531,0.461,0.548,0.525,0.537,0.516,0.537,0.578,0.535,0.528,0.535,0.543,0.549,0.541,0.522,0.536,0.531,0.523,0.512,0.506,0.535,0.537,0.526,0.533,0.522,0.521,0.547,0.854,0.581,0.521,0.529,0.0,0.53,0.491,0.545,0.516,0.53,0.537,0.54,0.528,0.511,0.536,0.524,0.532,0.625,0.535,0.535,0.522,1.0
