GCF_000163235.1_ASM16323v1_genomic.fna,GCF_000164555.1_ASM16455v1_genomic.fna,GCF_000208545.1_ASM20854v2_genomic.fna,GCF_000233875.1_ASM23387v1_genomic.fna,GCF_000249735.1_ASM24973v2_genomic.fna,GCF_000261145.1_Esch_coli_M919_V2_genomic.fna,GCF_000267705.2_ASM26770v2_genomic.fna,GCF_000350665.1_Esch_coli_KTE5_V1_genomic.fna,GCF_000351625.1_Esch_coli_KTE66_V1_genomic.fna,GCF_000352285.1_Esch_coli_KTE46_V1_genomic.fna,GCF_000358895.1_ASM35889v1_genomic.fna,GCF_000456385.1_Esch_coli_HVH_26_4-5703913_V1_genomic.fna,GCF_000458195.1_Esch_coli_HVH_147_4-5893887_V1_genomic.fna,GCF_000459755.1_Esch_coli_KOEGE_58_171a_V1_genomic.fna,GCF_000460055.1_Esch_coli_UMEA_3053-1_V1_genomic.fna,GCF_000462165.2_ASM46216v2_genomic.fna,GCF_000601135.1_ASM60113v1_genomic.fna,GCF_000614595.1_Ec2010EL1058_genomic.fna,GCF_000617745.1_Ec2010C-4529_genomic.fna,GCF_000618265.2_EcF6751_genomic.fna,GCF_000619005.2_Ec2009C-4052_genomic.fna,GCF_000619105.1_Ec2009C-4780_genomic.fna,GCF_000619765.2_Ec2009C-3279_genomic.fna,GCF_000687005.1_ASM68700v1_genomic.fna,GCF_000687025.1_ASM68702v1_genomic.fna,GCF_000700125.1_ASM70012v1_genomic.fna,GCF_000753315.1_FHI35_genomic.fna,GCF_000776375.1_ASM77637v1_genomic.fna,GCF_000779395.1_ASM77939v1_genomic.fna,GCF_000780315.1_ASM78031v1_genomic.fna,GCF_000781995.1_ASM78199v1_genomic.fna,GCF_000986765.1_ASM98676v1_genomic.fna,GCF_001041375.1_ViralProj287958_genomic.fna,GCF_001265335.1_302014_genomic.fna,GCF_001265625.1_100854_genomic.fna,GCF_001267345.1_303289_genomic.fna,GCF_001309985.1_ASM130998v1_genomic.fna,GCF_001521695.1_ASM152169v1_genomic.fna,GCF_001592595.1_ASM159259v1_genomic.fna,GCF_001614975.1_ASM161497v1_genomic.fna,GCF_001692775.1_ASM169277v1_genomic.fna,GCF_001748915.1_ASM174891v1_genomic.fna,GCF_001749235.1_ASM174923v1_genomic.fna,GCF_001881155.1_ASM188115v1_genomic.fna,GCF_001881345.1_ASM188134v1_genomic.fna,GCF_001892405.1_ASM189240v1_genomic.fna,GCF_001892585.1_ASM189258v1_genomic.fna,GCF_001893985.1_ASM189398v1_genomic.fna,GCF_002001595.1_ASM200159v1_genomic.fna,GCF_002002145.1_ASM200214v1_genomic.fna
1.0,0.493,0.403,0.423,0.491,0.476,0.475,0.428,0.577,0.417,0.471,0.427,0.476,0.405,0.403,0.476,0.473,0.463,0.488,0.464,0.457,0.469,0.483,0.498,0.469,0.481,0.471,0.413,0.526,0.56,0.389,0.466,0.0,0.465,0.461,0.42,0.468,0.497,0.411,0.473,0.395,0.458,0.48,0.42,0.429,0.447,0.464,0.464,0.41,0.532
0.493,1.0,0.36,0.416,0.64,0.793,0.556,0.412,0.47,0.411,0.605,0.43,0.622,0.392,0.4,0.561,0.704,0.621,0.619,0.547,0.612,0.612,0.623,0.796,0.819,0.722,0.617,0.401,0.486,0.464,0.377,0.617,0.0,0.607,0.756,0.394,0.549,0.641,0.41,0.612,0.384,0.693,0.616,0.421,0.418,0.442,0.691,0.692,0.417,0.484
0.403,0.36,1.0,0.315,0.364,0.358,0.356,0.323,0.392,0.304,0.347,0.306,0.369,0.318,0.308,0.36,0.363,0.36,0.369,0.351,0.347,0.372,0.372,0.375,0.356,0.357,0.369,0.319,0.399,0.402,0.305,0.358,0.0,0.367,0.342,0.333,0.354,0.376,0.331,0.369,0.314,0.359,0.376,0.326,0.319,0.339,0.371,0.371,0.323,0.405
0.423,0.416,0.315,1.0,0.409,0.398,0.401,0.683,0.388,0.715,0.412,0.721,0.416,0.754,0.751,0.399,0.422,0.395,0.417,0.392,0.395,0.411,0.423,0.417,0.399,0.413,0.396,0.737,0.433,0.413,0.703,0.41,0.0,0.4,0.394,0.622,0.397,0.413,0.668,0.409,0.723,0.407,0.406,0.712,0.716,0.422,0.399,0.399,0.651,0.455
0.491,0.64,0.364,0.409,1.0,0.655,0.542,0.413,0.469,0.408,0.766,0.402,0.707,0.398,0.396,0.546,0.651,0.666,0.683,0.532,0.672,0.695,0.697,0.662,0.636,0.646,0.702,0.396,0.48,0.466,0.389,0.681,0.0,0.683,0.628,0.394,0.537,0.71,0.418,0.704,0.397,0.644,0.714,0.402,0.406,0.415,0.663,0.663,0.403,0.48
0.476,0.793,0.358,0.398,0.655,1.0,0.556,0.417,0.458,0.398,0.62,0.399,0.628,0.391,0.387,0.557,0.709,0.634,0.634,0.546,0.612,0.626,0.641,0.797,0.809,0.705,0.622,0.397,0.488,0.453,0.37,0.607,0.0,0.639,0.769,0.409,0.548,0.636,0.43,0.622,0.38,0.691,0.62,0.406,0.401,0.421,0.701,0.702,0.399,0.473
0.475,0.556,0.356,0.401,0.542,0.556,1.0,0.401,0.468,0.391,0.519,0.395,0.527,0.394,0.391,0.959,0.559,0.561,0.568,0.983,0.562,0.551,0.558,0.569,0.552,0.54,0.542,0.387,0.461,0.445,0.371,0.546,0.0,0.54,0.531,0.403,0.987,0.531,0.414,0.527,0.371,0.538,0.533,0.392,0.393,0.415,0.539,0.54,0.378,0.461
0.428,0.412,0.323,0.683,0.413,0.417,0.401,1.0,0.4,0.683,0.395,0.677,0.416,0.687,0.69,0.401,0.426,0.399,0.416,0.389,0.391,0.416,0.423,0.437,0.404,0.409,0.402,0.896,0.453,0.414,0.66,0.408,0.0,0.407,0.39,0.599,0.395,0.44,0.664,0.411,0.663,0.401,0.41,0.899,0.888,0.424,0.405,0.404,0.62,0.467
0.577,0.47,0.392,0.388,0.469,0.458,0.468,0.4,1.0,0.4,0.46,0.386,0.459,0.395,0.385,0.471,0.457,0.462,0.465,0.463,0.445,0.464,0.464,0.469,0.454,0.449,0.478,0.39,0.512,0.591,0.381,0.456,0.0,0.452,0.442,0.417,0.466,0.473,0.408,0.461,0.384,0.457,0.48,0.394,0.392,0.464,0.464,0.464,0.393,0.527
0.417,0.411,0.304,0.715,0.408,0.398,0.391,0.683,0.4,1.0,0.44,0.692,0.424,0.729,0.696,0.395,0.418,0.389,0.412,0.384,0.385,0.399,0.402,0.412,0.395,0.416,0.393,0.713,0.437,0.416,0.736,0.399,0.0,0.393,0.412,0.628,0.387,0.404,0.69,0.414,0.716,0.397,0.405,0.689,0.701,0.403,0.385,0.385,0.676,0.445
0.471,0.605,0.347,0.412,0.766,0.62,0.519,0.395,0.46,0.44,1.0,0.4,0.734,0.409,0.391,0.524,0.618,0.666,0.677,0.511,0.655,0.685,0.681,0.64,0.599,0.636,0.68,0.405,0.451,0.457,0.402,0.652,0.0,0.669,0.653,0.418,0.513,0.683,0.412,0.721,0.398,0.623,0.705,0.391,0.394,0.402,0.624,0.624,0.419,0.459
0.427,0.43,0.306,0.721,0.402,0.399,0.395,0.677,0.386,0.692,0.4,1.0,0.409,0.715,0.853,0.396,0.42,0.388,0.409,0.386,0.395,0.402,0.406,0.422,0.404,0.426,0.387,0.706,0.448,0.421,0.673,0.401,0.0,0.394,0.399,0.61,0.389,0.416,0.68,0.41,0.699,0.399,0.404,0.695,0.708,0.42,0.41,0.409,0.634,0.45
0.476,0.622,0.369,0.416,0.707,0.628,0.527,0.416,0.459,0.424,0.734,0.409,1.0,0.413,0.4,0.533,0.64,0.689,0.728,0.518,0.7,0.77,0.767,0.649,0.615,0.645,0.739,0.418,0.466,0.478,0.401,0.702,0.0,0.754,0.63,0.411,0.522,0.727,0.425,0.772,0.399,0.632,0.741,0.409,0.411,0.421,0.639,0.638,0.423,0.478
0.405,0.392,0.318,0.754,0.398,0.391,0.394,0.687,0.395,0.729,0.409,0.715,0.413,1.0,0.746,0.395,0.406,0.389,0.406,0.384,0.377,0.402,0.407,0.406,0.392,0.401,0.391,0.738,0.446,0.406,0.719,0.399,0.0,0.387,0.393,0.628,0.389,0.409,0.676,0.403,0.726,0.399,0.401,0.711,0.712,0.416,0.384,0.384,0.651,0.456
0.403,0.4,0.308,0.751,0.396,0.387,0.391,0.69,0.385,0.696,0.391,0.853,0.4,0.746,1.0,0.392,0.418,0.389,0.402,0.382,0.383,0.403,0.408,0.408,0.393,0.401,0.385,0.716,0.438,0.4,0.696,0.402,0.0,0.39,0.381,0.61,0.386,0.408,0.685,0.403,0.712,0.397,0.405,0.709,0.713,0.42,0.407,0.407,0.646,0.463
0.476,0.561,0.36,0.399,0.546,0.557,0.959,0.401,0.471,0.395,0.524,0.396,0.533,0.395,0.392,1.0,0.558,0.56,0.571,0.952,0.556,0.551,0.555,0.563,0.549,0.541,0.542,0.389,0.463,0.452,0.373,0.531,0.0,0.538,0.529,0.409,0.958,0.538,0.412,0.529,0.377,0.539,0.533,0.395,0.394,0.418,0.542,0.543,0.382,0.464
0.473,0.704,0.363,0.422,0.651,0.709,0.559,0.426,0.457,0.418,0.618,0.42,0.64,0.406,0.418,0.558,1.0,0.613,0.632,0.546,0.604,0.635,0.634,0.747,0.72,0.754,0.622,0.416,0.467,0.451,0.394,0.638,0.0,0.62,0.692,0.421,0.55,0.627,0.439,0.623,0.399,0.676,0.641,0.426,0.431,0.405,0.698,0.699,0.414,0.474
0.463,0.621,0.36,0.395,0.666,0.634,0.561,0.399,0.462,0.389,0.666,0.388,0.689,0.389,0.389,0.56,0.613,1.0,0.741,0.555,0.705,0.725,0.733,0.631,0.612,0.613,0.708,0.385,0.453,0.458,0.375,0.66,0.0,0.695,0.592,0.414,0.558,0.693,0.421,0.693,0.375,0.637,0.697,0.39,0.391,0.407,0.635,0.635,0.389,0.462
0.488,0.619,0.369,0.417,0.683,0.634,0.568,0.416,0.465,0.412,0.677,0.409,0.728,0.406,0.402,0.571,0.632,0.741,1.0,0.558,0.714,0.744,0.743,0.656,0.619,0.628,0.719,0.401,0.467,0.477,0.389,0.689,0.0,0.71,0.611,0.429,0.563,0.695,0.436,0.714,0.39,0.634,0.711,0.408,0.41,0.415,0.642,0.642,0.41,0.473
0.464,0.547,0.351,0.392,0.532,0.546,0.983,0.389,0.463,0.384,0.511,0.386,0.518,0.384,0.382,0.952,0.546,0.555,0.558,1.0,0.558,0.542,0.553,0.557,0.545,0.53,0.533,0.376,0.451,0.434,0.363,0.54,0.0,0.531,0.523,0.397,0.988,0.522,0.405,0.518,0.365,0.528,0.524,0.381,0.382,0.415,0.527,0.528,0.371,0.452
0.457,0.612,0.347,0.395,0.672,0.612,0.562,0.391,0.445,0.385,0.655,0.395,0.7,0.377,0.383,0.556,0.604,0.705,0.714,0.558,1.0,0.728,0.736,0.618,0.597,0.608,0.708,0.382,0.451,0.443,0.363,0.709,0.0,0.718,0.577,0.405,0.558,0.697,0.404,0.698,0.371,0.601,0.707,0.391,0.388,0.413,0.623,0.624,0.39,0.462
0.469,0.612,0.372,0.411,0.695,0.626,0.551,0.416,0.464,0.399,0.685,0.402,0.77,0.402,0.403,0.551,0.635,0.725,0.744,0.542,0.728,1.0,0.935,0.643,0.613,0.623,0.738,0.402,0.46,0.467,0.381,0.705,0.0,0.867,0.597,0.415,0.544,0.724,0.423,0.731,0.384,0.629,0.735,0.413,0.41,0.422,0.641,0.641,0.402,0.484
0.483,0.623,0.372,0.423,0.697,0.641,0.558,0.423,0.464,0.402,0.681,0.406,0.767,0.407,0.408,0.555,0.634,0.733,0.743,0.553,0.736,0.935,1.0,0.645,0.626,0.624,0.748,0.408,0.468,0.465,0.385,0.717,0.0,0.873,0.6,0.423,0.55,0.731,0.43,0.726,0.391,0.626,0.733,0.415,0.415,0.423,0.639,0.64,0.406,0.486
0.498,0.796,0.375,0.417,0.662,0.797,0.569,0.437,0.469,0.412,0.64,0.422,0.649,0.406,0.408,0.563,0.747,0.631,0.656,0.557,0.618,0.643,0.645,1.0,0.805,0.741,0.633,0.417,0.477,0.474,0.392,0.624,0.0,0.633,0.802,0.416,0.561,0.638,0.42,0.637,0.394,0.72,0.639,0.416,0.427,0.425,0.705,0.705,0.408,0.491
0.469,0.819,0.356,0.399,0.636,0.809,0.552,0.404,0.454,0.395,0.599,0.404,0.615,0.392,0.393,0.549,0.72,0.612,0.619,0.545,0.597,0.613,0.626,0.805,1.0,0.735,0.618,0.391,0.471,0.442,0.372,0.632,0.0,0.611,0.771,0.395,0.546,0.622,0.412,0.599,0.373,0.694,0.614,0.411,0.404,0.422,0.691,0.692,0.4,0.463
0.481,0.722,0.357,0.413,0.646,0.705,0.54,0.409,0.449,0.416,0.636,0.426,0.645,0.401,0.401,0.541,0.754,0.613,0.628,0.53,0.608,0.623,0.624,0.741,0.735,1.0,0.618,0.408,0.461,0.457,0.388,0.614,0.0,0.607,0.71,0.412,0.534,0.627,0.418,0.64,0.397,0.699,0.625,0.413,0.411,0.414,0.7,0.701,0.423,0.47
0.471,0.617,0.369,0.396,0.702,0.622,0.542,0.402,0.478,0.393,0.68,0.387,0.739,0.391,0.385,0.542,0.622,0.708,0.719,0.533,0.708,0.738,0.748,0.633,0.618,0.618,1.0,0.39,0.465,0.47,0.378,0.711,0.0,0.722,0.595,0.404,0.536,0.818,0.404,0.735,0.383,0.634,0.835,0.399,0.395,0.426,0.627,0.628,0.399,0.472
0.413,0.401,0.319,0.737,0.396,0.397,0.387,0.896,0.39,0.713,0.405,0.706,0.418,0.738,0.716,0.389,0.416,0.385,0.401,0.376,0.382,0.402,0.408,0.417,0.391,0.408,0.39,1.0,0.44,0.413,0.687,0.405,0.0,0.389,0.384,0.616,0.382,0.422,0.661,0.41,0.71,0.395,0.403,0.955,0.941,0.411,0.393,0.392,0.647,0.445
0.526,0.486,0.399,0.433,0.48,0.488,0.461,0.453,0.512,0.437,0.451,0.448,0.466,0.446,0.438,0.463,0.467,0.453,0.467,0.451,0.451,0.46,0.468,0.477,0.471,0.461,0.465,0.44,1.0,0.498,0.418,0.466,0.0,0.453,0.448,0.447,0.454,0.477,0.458,0.458,0.421,0.461,0.466,0.445,0.446,0.56,0.469,0.469,0.443,0.842
0.56,0.464,0.402,0.413,0.466,0.453,0.445,0.414,0.591,0.416,0.457,0.421,0.478,0.406,0.4,0.452,0.451,0.458,0.477,0.434,0.443,0.467,0.465,0.474,0.442,0.457,0.47,0.413,0.498,1.0,0.405,0.446,0.0,0.45,0.446,0.412,0.441,0.478,0.414,0.484,0.412,0.461,0.481,0.405,0.405,0.458,0.475,0.475,0.413,0.521
0.389,0.377,0.305,0.703,0.389,0.37,0.371,0.66,0.381,0.736,0.402,0.673,0.401,0.719,0.696,0.373,0.394,0.375,0.389,0.363,0.363,0.381,0.385,0.392,0.372,0.388,0.378,0.687,0.418,0.405,1.0,0.384,0.0,0.373,0.376,0.616,0.367,0.386,0.656,0.401,0.871,0.378,0.389,0.663,0.667,0.396,0.374,0.374,0.646,0.429
0.466,0.617,0.358,0.41,0.681,0.607,0.546,0.408,0.456,0.399,0.652,0.401,0.702,0.399,0.402,0.531,0.638,0.66,0.689,0.54,0.709,0.705,0.717,0.624,0.632,0.614,0.711,0.405,0.466,0.446,0.384,1.0,0.0,0.693,0.58,0.404,0.539,0.715,0.422,0.715,0.385,0.615,0.717,0.413,0.414,0.42,0.634,0.634,0.402,0.46
0.0,0.0,0.0,0.0,0.0,0.0,0.0,0.0,0.0,0.0,0.0,0.0,0.0,0.0,0.0,0.0,0.0,0.0,0.0,0.0,0.0,0.0,0.0,0.0,0.0,0.0,0.0,0.0,0.0,0.0,0.0,0.0,1.0,0.0,0.0,0.0,0.0,0.0,0.0,0.0,0.0,0.0,0.0,0.0,0.0,0.0,0.0,0.0,0.0,0.0
0.465,0.607,0.367,0.4,0.683,0.639,0.54,0.407,0.452,0.393,0.669,0.394,0.754,0.387,0.39,0.538,0.62,0.695,0.71,0.531,0.718,0.867,0.873,0.633,0.611,0.607,0.722,0.389,0.453,0.45,0.373,0.693,0.0,1.0,0.592,0.421,0.532,0.7,0.421,0.708,0.376,0.617,0.719,0.394,0.397,0.407,0.631,0.632,0.39,0.466
0.461,0.756,0.342,0.394,0.628,0.769,0.531,0.39,0.442,0.412,0.653,0.399,0.63,0.393,0.381,0.529,0.692,0.592,0.611,0.523,0.577,0.597,0.6,0.802,0.771,0.71,0.595,0.384,0.448,0.446,0.376,0.58,0.0,0.592,1.0,0.401,0.522,0.605,0.397,0.612,0.371,0.68,0.606,0.375,0.382,0.403,0.672,0.672,0.399,0.46
0.42,0.394,0.333,0.622,0.394,0.409,0.403,0.599,0.417,0.628,0.418,0.61,0.411,0.628,0.61,0.409,0.421,0.414,0.429,0.397,0.405,0.415,0.423,0.416,0.395,0.412,0.404,0.616,0.447,0.412,0.616,0.404,0.0,0.421,0.401,1.0,0.399,0.404,0.637,0.418,0.608,0.399,0.407,0.6,0.603,0.408,0.392,0.391,0.603,0.452
0.468,0.549,0.354,0.397,0.537,0.548,0.987,0.395,0.466,0.387,0.513,0.389,0.522,0.389,0.386,0.958,0.55,0.558,0.563,0.988,0.558,0.544,0.55,0.561,0.546,0.534,0.536,0.382,0.454,0.441,0.367,0.539,0.0,0.532,0.522,0.399,1.0,0.526,0.409,0.522,0.368,0.532,0.526,0.387,0.387,0.414,0.533,0.534,0.376,0.457
0.497,0.641,0.376,0.413,0.71,0.636,0.531,0.44,0.473,0.404,0.683,0.416,0.727,0.409,0.408,0.538,0.627,0.693,0.695,0.522,0.697,0.724,0.731,0.638,0.622,0.627,0.818,0.422,0.477,0.478,0.386,0.715,0.0,0.7,0.605,0.404,0.526,1.0,0.422,0.737,0.396,0.639,0.858,0.428,0.414,0.428,0.658,0.657,0.41,0.491
0.411,0.41,0.331,0.668,0.418,0.43,0.414,0.664,0.408,0.69,0.412,0.68,0.425,0.676,0.685,0.412,0.439,0.421,0.436,0.405,0.404,0.423,0.43,0.42,0.412,0.418,0.404,0.661,0.458,0.414,0.656,0.422,0.0,0.421,0.397,0.637,0.409,0.422,1.0,0.417,0.655,0.419,0.426,0.657,0.668,0.416,0.41,0.409,0.634,0.465
0.473,0.612,0.369,0.409,0.704,0.622,0.527,0.411,0.461,0.414,0.721,0.41,0.772,0.403,0.403,0.529,0.623,0.693,0.714,0.518,0.698,0.731,0.726,0.637,0.599,0.64,0.735,0.41,0.458,0.484,0.401,0.715,0.0,0.708,0.612,0.418,0.522,0.737,0.417,1.0,0.403,0.621,0.758,0.4,0.406,0.422,0.64,0.639,0.412,0.472
0.395,0.384,0.314,0.723,0.397,0.38,0.371,0.663,0.384,0.716,0.398,0.699,0.399,0.726,0.712,0.377,0.399,0.375,0.39,0.365,0.371,0.384,0.391,0.394,0.373,0.397,0.383,0.71,0.421,0.412,0.871,0.385,0.0,0.376,0.371,0.608,0.368,0.396,0.655,0.403,1.0,0.388,0.389,0.683,0.685,0.4,0.375,0.375,0.635,0.429
0.458,0.693,0.359,0.407,0.644,0.691,0.538,0.401,0.457,0.397,0.623,0.399,0.632,0.399,0.397,0.539,0.676,0.637,0.634,0.528,0.601,0.629,0.626,0.72,0.694,0.699,0.634,0.395,0.461,0.461,0.378,0.615,0.0,0.617,0.68,0.399,0.532,0.639,0.419,0.621,0.388,1.0,0.656,0.4,0.397,0.405,0.724,0.724,0.393,0.467
0.48,0.616,0.376,0.406,0.714,0.62,0.533,0.41,0.48,0.405,0.705,0.404,0.741,0.401,0.405,0.533,0.641,0.697,0.711,0.524,0.707,0.735,0.733,0.639,0.614,0.625,0.835,0.403,0.466,0.481,0.389,0.717,0.0,0.719,0.606,0.407,0.526,0.858,0.426,0.758,0.389,0.656,1.0,0.401,0.405,0.42,0.652,0.651,0.406,0.48
0.42,0.421,0.326,0.712,0.402,0.406,0.392,0.899,0.394,0.689,0.391,0.695,0.409,0.711,0.709,0.395,0.426,0.39,0.408,0.381,0.391,0.413,0.415,0.416,0.411,0.413,0.399,0.955,0.445,0.405,0.663,0.413,0.0,0.394,0.375,0.6,0.387,0.428,0.657,0.4,0.683,0.4,0.401,1.0,0.958,0.415,0.397,0.396,0.637,0.453
0.429,0.418,0.319,0.716,0.406,0.401,0.393,0.888,0.392,0.701,0.394,0.708,0.411,0.712,0.713,0.394,0.431,0.391,0.41,0.382,0.388,0.41,0.415,0.427,0.404,0.411,0.395,0.941,0.446,0.405,0.667,0.414,0.0,0.397,0.382,0.603,0.387,0.414,0.668,0.406,0.685,0.397,0.405,0.958,1.0,0.414,0.401,0.4,0.632,0.452
0.447,0.442,0.339,0.422,0.415,0.421,0.415,0.424,0.464,0.403,0.402,0.42,0.421,0.416,0.42,0.418,0.405,0.407,0.415,0.415,0.413,0.422,0.423,0.425,0.422,0.414,0.426,0.411,0.56,0.458,0.396,0.42,0.0,0.407,0.403,0.408,0.414,0.428,0.416,0.422,0.4,0.405,0.42,0.415,0.414,1.0,0.443,0.444,0.4,0.598
0.464,0.691,0.371,0.399,0.663,0.701,0.539,0.405,0.464,0.385,0.624,0.41,0.639,0.384,0.407,0.542,0.698,0.635,0.642,0.527,0.623,0.641,0.639,0.705,0.691,0.7,0.627,0.393,0.469,0.475,0.374,0.634,0.0,0.631,0.672,0.392,0.533,0.658,0.41,0.64,0.375,0.724,0.652,0.397,0.401,0.443,1.0,0.997,0.393,0.486
0.464,0.692,0.371,0.399,0.663,0.702,0.54,0.404,0.464,0.385,0.624,0.409,0.638,0.384,0.407,0.543,0.699,0.635,0.642,0.528,0.624,0.641,0.64,0.705,0.692,0.701,0.628,0.392,0.469,0.475,0.374,0.634,0.0,0.632,0.672,0.391,0.534,0.657,0.409,0.639,0.375,0.724,0.651,0.396,0.4,0.444,0.997,1.0,0.394,0.486
0.41,0.417,0.323,0.651,0.403,0.399,0.378,0.62,0.393,0.676,0.419,0.634,0.423,0.651,0.646,0.382,0.414,0.389,0.41,0.371,0.39,0.402,0.406,0.408,0.4,0.423,0.399,0.647,0.443,0.413,0.646,0.402,0.0,0.39,0.399,0.603,0.376,0.41,0.634,0.412,0.635,0.393,0.406,0.637,0.632,0.4,0.393,0.394,1.0,0.453
0.532,0.484,0.405,0.455,0.48,0.473,0.461,0.467,0.527,0.445,0.459,0.45,0.478,0.456,0.463,0.464,0.474,0.462,0.473,0.452,0.462,0.484,0.486,0.491,0.463,0.47,0.472,0.445,0.842,0.521,0.429,0.46,0.0,0.466,0.46,0.452,0.457,0.491,0.465,0.472,0.429,0.467,0.48,0.453,0.452,0.598,0.486,0.486,0.453,1.0
