GCF_000163235.1_ASM16323v1_genomic.fna,GCF_000164555.1_ASM16455v1_genomic.fna,GCF_000208545.1_ASM20854v2_genomic.fna,GCF_000233875.1_ASM23387v1_genomic.fna,GCF_000249735.1_ASM24973v2_genomic.fna,GCF_000261145.1_Esch_coli_M919_V2_genomic.fna,GCF_000267705.2_ASM26770v2_genomic.fna,GCF_000350665.1_Esch_coli_KTE5_V1_genomic.fna,GCF_000351625.1_Esch_coli_KTE66_V1_genomic.fna,GCF_000352285.1_Esch_coli_KTE46_V1_genomic.fna,GCF_000358895.1_ASM35889v1_genomic.fna,GCF_000456385.1_Esch_coli_HVH_26_4-5703913_V1_genomic.fna,GCF_000458195.1_Esch_coli_HVH_147_4-5893887_V1_genomic.fna,GCF_000459755.1_Esch_coli_KOEGE_58_171a_V1_genomic.fna,GCF_000460055.1_Esch_coli_UMEA_3053-1_V1_genomic.fna,GCF_000462165.2_ASM46216v2_genomic.fna,GCF_000601135.1_ASM60113v1_genomic.fna,GCF_000614595.1_Ec2010EL1058_genomic.fna,GCF_000617745.1_Ec2010C-4529_genomic.fna,GCF_000618265.2_EcF6751_genomic.fna,GCF_000619005.2_Ec2009C-4052_genomic.fna,GCF_000619105.1_Ec2009C-4780_genomic.fna,GCF_000619765.2_Ec2009C-3279_genomic.fna,GCF_000687005.1_ASM68700v1_genomic.fna,GCF_000687025.1_ASM68702v1_genomic.fna,GCF_000700125.1_ASM70012v1_genomic.fna,GCF_000753315.1_FHI35_genomic.fna,GCF_000776375.1_ASM77637v1_genomic.fna,GCF_000779395.1_ASM77939v1_genomic.fna,GCF_000780315.1_ASM78031v1_genomic.fna,GCF_000781995.1_ASM78199v1_genomic.fna,GCF_000986765.1_ASM98676v1_genomic.fna,GCF_001041375.1_ViralProj287958_genomic.fna,GCF_001265335.1_302014_genomic.fna,GCF_001265625.1_100854_genomic.fna,GCF_001267345.1_303289_genomic.fna,GCF_001309985.1_ASM130998v1_genomic.fna,GCF_001521695.1_ASM152169v1_genomic.fna,GCF_001592595.1_ASM159259v1_genomic.fna,GCF_001614975.1_ASM161497v1_genomic.fna,GCF_001692775.1_ASM169277v1_genomic.fna,GCF_001748915.1_ASM174891v1_genomic.fna,GCF_001749235.1_ASM174923v1_genomic.fna,GCF_001881155.1_ASM188115v1_genomic.fna,GCF_001881345.1_ASM188134v1_genomic.fna,GCF_001892405.1_ASM189240v1_genomic.fna,GCF_001892585.1_ASM189258v1_genomic.fna,GCF_001893985.1_ASM189398v1_genomic.fna,GCF_002001595.1_ASM200159v1_genomic.fna,GCF_002002145.1_ASM200214v1_genomic.fna
1.0,0.56,0.462,0.515,0.569,0.545,0.534,0.52,0.638,0.524,0.548,0.538,0.555,0.497,0.508,0.531,0.533,0.555,0.551,0.535,0.552,0.551,0.568,0.557,0.544,0.547,0.553,0.508,0.575,0.619,0.477,0.537,0.0,0.545,0.517,0.496,0.535,0.558,0.478,0.556,0.497,0.538,0.551,0.507,0.521,0.529,0.528,0.529,0.489,0.583
0.56,1.0,0.437,0.493,0.677,0.794,0.59,0.492,0.537,0.493,0.648,0.509,0.659,0.476,0.481,0.59,0.74,0.666,0.671,0.59,0.658,0.652,0.661,0.818,0.83,0.767,0.667,0.485,0.517,0.539,0.457,0.66,0.0,0.657,0.777,0.468,0.591,0.689,0.47,0.671,0.468,0.719,0.676,0.501,0.494,0.494,0.727,0.728,0.486,0.509
0.462,0.437,1.0,0.395,0.434,0.423,0.404,0.406,0.427,0.397,0.415,0.41,0.426,0.397,0.402,0.405,0.417,0.411,0.415,0.404,0.41,0.412,0.422,0.427,0.429,0.427,0.42,0.393,0.437,0.441,0.392,0.422,0.0,0.421,0.4,0.397,0.405,0.428,0.407,0.435,0.406,0.426,0.43,0.406,0.399,0.434,0.428,0.428,0.41,0.436
0.515,0.493,0.395,1.0,0.488,0.476,0.484,0.737,0.485,0.758,0.475,0.776,0.488,0.795,0.822,0.482,0.461,0.48,0.492,0.484,0.479,0.49,0.5,0.488,0.471,0.476,0.485,0.773,0.539,0.486,0.737,0.474,0.0,0.484,0.455,0.651,0.485,0.484,0.7,0.49,0.767,0.475,0.482,0.761,0.76,0.506,0.472,0.473,0.703,0.546
0.569,0.677,0.434,0.488,1.0,0.676,0.613,0.501,0.559,0.492,0.768,0.5,0.741,0.491,0.489,0.613,0.675,0.698,0.715,0.614,0.724,0.716,0.719,0.689,0.686,0.687,0.726,0.504,0.542,0.553,0.458,0.704,0.0,0.72,0.667,0.48,0.614,0.736,0.489,0.738,0.48,0.67,0.747,0.495,0.502,0.5,0.685,0.686,0.48,0.529
0.545,0.794,0.423,0.476,0.676,1.0,0.591,0.504,0.535,0.475,0.637,0.483,0.65,0.467,0.468,0.591,0.721,0.667,0.669,0.59,0.647,0.646,0.661,0.792,0.802,0.73,0.649,0.475,0.512,0.521,0.449,0.663,0.0,0.662,0.77,0.473,0.589,0.674,0.49,0.664,0.464,0.723,0.66,0.477,0.482,0.482,0.736,0.736,0.473,0.506
0.534,0.59,0.404,0.484,0.613,0.591,1.0,0.479,0.557,0.486,0.593,0.491,0.613,0.483,0.479,0.962,0.597,0.617,0.626,0.985,0.638,0.631,0.626,0.621,0.604,0.61,0.615,0.485,0.527,0.536,0.443,0.597,0.0,0.608,0.587,0.498,0.988,0.607,0.478,0.599,0.451,0.584,0.614,0.469,0.475,0.478,0.574,0.575,0.462,0.531
0.52,0.492,0.406,0.737,0.501,0.504,0.479,1.0,0.487,0.73,0.482,0.74,0.503,0.724,0.734,0.479,0.472,0.495,0.507,0.479,0.482,0.497,0.503,0.506,0.474,0.483,0.491,0.9,0.531,0.498,0.723,0.498,0.0,0.495,0.462,0.64,0.479,0.51,0.701,0.505,0.741,0.496,0.503,0.908,0.904,0.512,0.483,0.484,0.701,0.536
0.638,0.537,0.427,0.485,0.559,0.535,0.557,0.487,1.0,0.503,0.556,0.487,0.559,0.484,0.488,0.556,0.532,0.542,0.541,0.552,0.548,0.557,0.554,0.549,0.537,0.535,0.549,0.492,0.566,0.645,0.455,0.536,0.0,0.55,0.521,0.504,0.554,0.551,0.473,0.56,0.464,0.539,0.566,0.476,0.474,0.518,0.52,0.521,0.472,0.567
0.524,0.493,0.397,0.758,0.492,0.475,0.486,0.73,0.503,1.0,0.496,0.741,0.504,0.761,0.756,0.492,0.463,0.477,0.482,0.482,0.471,0.489,0.483,0.488,0.477,0.479,0.489,0.754,0.537,0.5,0.755,0.47,0.0,0.477,0.462,0.683,0.484,0.484,0.711,0.497,0.769,0.482,0.488,0.736,0.745,0.5,0.463,0.464,0.709,0.529
0.548,0.648,0.415,0.475,0.768,0.637,0.593,0.482,0.556,0.496,1.0,0.477,0.763,0.48,0.472,0.608,0.645,0.698,0.702,0.59,0.694,0.718,0.712,0.675,0.654,0.66,0.712,0.491,0.508,0.537,0.447,0.69,0.0,0.7,0.691,0.485,0.593,0.718,0.473,0.731,0.459,0.661,0.721,0.477,0.478,0.477,0.652,0.653,0.463,0.508
0.538,0.509,0.41,0.776,0.5,0.483,0.491,0.74,0.487,0.741,0.477,1.0,0.49,0.752,0.863,0.49,0.476,0.478,0.488,0.491,0.488,0.489,0.502,0.496,0.474,0.485,0.49,0.743,0.544,0.504,0.713,0.485,0.0,0.488,0.46,0.65,0.49,0.496,0.716,0.496,0.748,0.479,0.489,0.745,0.753,0.507,0.473,0.474,0.694,0.542
0.555,0.659,0.426,0.488,0.741,0.65,0.613,0.503,0.559,0.504,0.763,0.49,1.0,0.487,0.484,0.625,0.662,0.73,0.755,0.608,0.756,0.809,0.8,0.687,0.668,0.675,0.776,0.508,0.534,0.563,0.454,0.74,0.0,0.794,0.672,0.489,0.611,0.768,0.485,0.796,0.466,0.667,0.774,0.492,0.494,0.489,0.661,0.662,0.473,0.524
0.497,0.476,0.397,0.795,0.491,0.467,0.483,0.724,0.484,0.761,0.48,0.752,0.487,1.0,0.79,0.481,0.455,0.469,0.473,0.478,0.467,0.492,0.487,0.481,0.47,0.469,0.479,0.77,0.533,0.487,0.738,0.472,0.0,0.482,0.457,0.66,0.479,0.485,0.698,0.488,0.772,0.463,0.481,0.745,0.741,0.486,0.456,0.457,0.704,0.525
0.508,0.481,0.402,0.822,0.489,0.468,0.479,0.734,0.488,0.756,0.472,0.863,0.484,0.79,1.0,0.477,0.464,0.47,0.48,0.479,0.47,0.484,0.488,0.476,0.464,0.465,0.475,0.762,0.535,0.497,0.742,0.47,0.0,0.48,0.452,0.654,0.478,0.485,0.715,0.492,0.771,0.468,0.485,0.749,0.746,0.505,0.47,0.471,0.709,0.553
0.531,0.59,0.405,0.482,0.613,0.591,0.962,0.479,0.556,0.492,0.608,0.49,0.625,0.481,0.477,1.0,0.597,0.61,0.623,0.951,0.624,0.627,0.617,0.617,0.604,0.608,0.61,0.488,0.525,0.541,0.441,0.589,0.0,0.606,0.599,0.505,0.956,0.609,0.48,0.6,0.451,0.585,0.611,0.471,0.475,0.479,0.573,0.574,0.462,0.527
0.533,0.74,0.417,0.461,0.675,0.721,0.597,0.472,0.532,0.463,0.645,0.476,0.662,0.455,0.464,0.597,1.0,0.657,0.662,0.598,0.658,0.67,0.669,0.768,0.757,0.783,0.664,0.466,0.493,0.527,0.424,0.685,0.0,0.667,0.707,0.479,0.599,0.664,0.466,0.67,0.441,0.705,0.675,0.471,0.478,0.449,0.71,0.711,0.442,0.493
0.555,0.666,0.411,0.48,0.698,0.667,0.617,0.495,0.542,0.477,0.698,0.478,0.73,0.469,0.47,0.61,0.657,1.0,0.785,0.615,0.745,0.748,0.755,0.678,0.663,0.674,0.738,0.487,0.514,0.528,0.458,0.717,0.0,0.724,0.641,0.483,0.616,0.728,0.482,0.726,0.466,0.677,0.731,0.49,0.492,0.482,0.663,0.664,0.457,0.512
0.551,0.671,0.415,0.492,0.715,0.669,0.626,0.507,0.541,0.482,0.702,0.488,0.755,0.473,0.48,0.623,0.662,0.785,1.0,0.627,0.764,0.767,0.767,0.683,0.671,0.669,0.756,0.494,0.519,0.538,0.453,0.729,0.0,0.735,0.653,0.487,0.625,0.746,0.497,0.745,0.46,0.672,0.754,0.492,0.495,0.494,0.666,0.667,0.466,0.515
0.535,0.59,0.404,0.484,0.614,0.59,0.985,0.479,0.552,0.482,0.59,0.491,0.608,0.478,0.479,0.951,0.598,0.615,0.627,1.0,0.639,0.633,0.625,0.615,0.604,0.611,0.615,0.48,0.526,0.531,0.442,0.597,0.0,0.605,0.577,0.492,0.991,0.608,0.475,0.599,0.451,0.585,0.615,0.469,0.475,0.478,0.574,0.575,0.462,0.531
0.552,0.658,0.41,0.479,0.724,0.647,0.638,0.482,0.548,0.471,0.694,0.488,0.756,0.467,0.47,0.624,0.658,0.745,0.764,0.639,1.0,0.781,0.788,0.674,0.65,0.667,0.769,0.482,0.512,0.541,0.44,0.739,0.0,0.766,0.632,0.477,0.637,0.747,0.466,0.766,0.458,0.646,0.755,0.476,0.48,0.48,0.661,0.662,0.455,0.517
0.551,0.652,0.412,0.49,0.716,0.646,0.631,0.497,0.557,0.489,0.718,0.489,0.809,0.492,0.484,0.627,0.67,0.748,0.767,0.633,0.781,1.0,0.926,0.684,0.668,0.661,0.77,0.5,0.533,0.552,0.454,0.739,0.0,0.88,0.638,0.486,0.632,0.755,0.48,0.77,0.466,0.654,0.771,0.486,0.492,0.477,0.647,0.648,0.468,0.522
0.568,0.661,0.422,0.5,0.719,0.661,0.626,0.503,0.554,0.483,0.712,0.502,0.8,0.487,0.488,0.617,0.669,0.755,0.767,0.625,0.788,0.926,1.0,0.677,0.66,0.662,0.775,0.497,0.534,0.542,0.461,0.751,0.0,0.875,0.636,0.483,0.625,0.762,0.483,0.768,0.474,0.658,0.767,0.494,0.502,0.481,0.654,0.655,0.475,0.521
0.557,0.818,0.427,0.488,0.689,0.792,0.621,0.506,0.549,0.488,0.675,0.496,0.687,0.481,0.476,0.617,0.768,0.678,0.683,0.615,0.674,0.684,0.677,1.0,0.843,0.778,0.682,0.487,0.521,0.542,0.446,0.676,0.0,0.674,0.809,0.498,0.619,0.678,0.478,0.68,0.46,0.735,0.683,0.477,0.486,0.478,0.725,0.726,0.459,0.509
0.544,0.83,0.429,0.471,0.686,0.802,0.604,0.474,0.537,0.477,0.654,0.474,0.668,0.47,0.464,0.604,0.757,0.663,0.671,0.604,0.65,0.668,0.66,0.843,1.0,0.79,0.671,0.471,0.507,0.536,0.435,0.671,0.0,0.654,0.807,0.477,0.607,0.666,0.467,0.669,0.448,0.719,0.67,0.476,0.469,0.476,0.714,0.714,0.466,0.492
0.547,0.767,0.427,0.476,0.687,0.73,0.61,0.483,0.535,0.479,0.66,0.485,0.675,0.469,0.465,0.608,0.783,0.674,0.669,0.611,0.667,0.661,0.662,0.778,0.79,1.0,0.676,0.482,0.506,0.542,0.436,0.659,0.0,0.658,0.728,0.475,0.613,0.675,0.467,0.682,0.448,0.729,0.669,0.495,0.487,0.476,0.738,0.739,0.478,0.501
0.553,0.667,0.42,0.485,0.726,0.649,0.615,0.491,0.549,0.489,0.712,0.49,0.776,0.479,0.475,0.61,0.664,0.738,0.756,0.615,0.769,0.77,0.775,0.682,0.671,0.676,1.0,0.49,0.525,0.542,0.449,0.749,0.0,0.761,0.644,0.474,0.615,0.829,0.467,0.786,0.463,0.665,0.848,0.489,0.485,0.49,0.656,0.657,0.465,0.513
0.508,0.485,0.393,0.773,0.504,0.475,0.485,0.9,0.492,0.754,0.491,0.743,0.508,0.77,0.762,0.488,0.466,0.487,0.494,0.48,0.482,0.5,0.497,0.487,0.471,0.482,0.49,1.0,0.532,0.498,0.721,0.483,0.0,0.493,0.462,0.651,0.483,0.497,0.691,0.502,0.75,0.479,0.498,0.951,0.943,0.498,0.477,0.478,0.702,0.533
0.575,0.517,0.437,0.539,0.542,0.512,0.527,0.531,0.566,0.537,0.508,0.544,0.534,0.533,0.535,0.525,0.493,0.514,0.519,0.526,0.512,0.533,0.534,0.521,0.507,0.506,0.525,0.532,1.0,0.56,0.495,0.511,0.0,0.536,0.495,0.52,0.526,0.534,0.523,0.536,0.507,0.503,0.53,0.518,0.522,0.603,0.493,0.494,0.507,0.848
0.619,0.539,0.441,0.486,0.553,0.521,0.536,0.498,0.645,0.5,0.537,0.504,0.563,0.487,0.497,0.541,0.527,0.528,0.538,0.531,0.541,0.552,0.542,0.542,0.536,0.542,0.542,0.498,0.56,1.0,0.46,0.526,0.0,0.546,0.525,0.494,0.534,0.548,0.482,0.573,0.476,0.531,0.556,0.483,0.484,0.525,0.524,0.525,0.472,0.562
0.477,0.457,0.392,0.737,0.458,0.449,0.443,0.723,0.455,0.755,0.447,0.713,0.454,0.738,0.742,0.441,0.424,0.458,0.453,0.442,0.44,0.454,0.461,0.446,0.435,0.436,0.449,0.721,0.495,0.46,1.0,0.449,0.0,0.456,0.416,0.619,0.442,0.453,0.686,0.462,0.889,0.454,0.451,0.723,0.719,0.5,0.444,0.444,0.683,0.498
0.537,0.66,0.422,0.474,0.704,0.663,0.597,0.498,0.536,0.47,0.69,0.485,0.74,0.472,0.47,0.589,0.685,0.717,0.729,0.597,0.739,0.739,0.751,0.676,0.671,0.659,0.749,0.483,0.511,0.526,0.449,1.0,0.0,0.734,0.615,0.471,0.597,0.757,0.484,0.767,0.457,0.669,0.758,0.483,0.485,0.48,0.673,0.674,0.465,0.499
0.0,0.0,0.0,0.0,0.0,0.0,0.0,0.0,0.0,0.0,0.0,0.0,0.0,0.0,0.0,0.0,0.0,0.0,0.0,0.0,0.0,0.0,0.0,0.0,0.0,0.0,0.0,0.0,0.0,0.0,0.0,0.0,1.0,0.0,0.0,0.0,0.0,0.0,0.0,0.0,0.0,0.0,0.0,0.0,0.0,0.0,0.0,0.0,0.0,0.0
0.545,0.657,0.421,0.484,0.72,0.662,0.608,0.495,0.55,0.477,0.7,0.488,0.794,0.482,0.48,0.606,0.667,0.724,0.735,0.605,0.766,0.88,0.875,0.674,0.654,0.658,0.761,0.493,0.536,0.546,0.456,0.734,0.0,1.0,0.641,0.486,0.607,0.758,0.485,0.761,0.464,0.651,0.774,0.485,0.488,0.473,0.658,0.659,0.468,0.525
0.517,0.777,0.4,0.455,0.667,0.77,0.587,0.462,0.521,0.462,0.691,0.46,0.672,0.457,0.452,0.599,0.707,0.641,0.653,0.577,0.632,0.638,0.636,0.809,0.807,0.728,0.644,0.462,0.495,0.525,0.416,0.615,0.0,0.641,1.0,0.465,0.581,0.638,0.448,0.653,0.429,0.686,0.657,0.45,0.454,0.453,0.685,0.686,0.437,0.484
0.496,0.468,0.397,0.651,0.48,0.473,0.498,0.64,0.504,0.683,0.485,0.65,0.489,0.66,0.654,0.505,0.479,0.483,0.487,0.492,0.477,0.486,0.483,0.498,0.477,0.475,0.474,0.651,0.52,0.494,0.619,0.471,0.0,0.486,0.465,1.0,0.494,0.474,0.663,0.489,0.645,0.474,0.478,0.636,0.641,0.475,0.463,0.464,0.637,0.515
0.535,0.591,0.405,0.485,0.614,0.589,0.988,0.479,0.554,0.484,0.593,0.49,0.611,0.479,0.478,0.956,0.599,0.616,0.625,0.991,0.637,0.632,0.625,0.619,0.607,0.613,0.615,0.483,0.526,0.534,0.442,0.597,0.0,0.607,0.581,0.494,1.0,0.607,0.475,0.6,0.451,0.586,0.615,0.471,0.477,0.479,0.575,0.576,0.462,0.53
0.558,0.689,0.428,0.484,0.736,0.674,0.607,0.51,0.551,0.484,0.718,0.496,0.768,0.485,0.485,0.609,0.664,0.728,0.746,0.608,0.747,0.755,0.762,0.678,0.666,0.675,0.829,0.497,0.534,0.548,0.453,0.757,0.0,0.758,0.638,0.474,0.607,1.0,0.484,0.782,0.472,0.672,0.863,0.496,0.49,0.497,0.691,0.692,0.477,0.526
0.478,0.47,0.407,0.7,0.489,0.49,0.478,0.701,0.473,0.711,0.473,0.716,0.485,0.698,0.715,0.48,0.466,0.482,0.497,0.475,0.466,0.48,0.483,0.478,0.467,0.467,0.467,0.691,0.523,0.482,0.686,0.484,0.0,0.485,0.448,0.663,0.475,0.484,1.0,0.488,0.701,0.481,0.48,0.697,0.701,0.498,0.481,0.481,0.684,0.516
0.556,0.671,0.435,0.49,0.738,0.664,0.599,0.505,0.56,0.497,0.731,0.496,0.796,0.488,0.492,0.6,0.67,0.726,0.745,0.599,0.766,0.77,0.768,0.68,0.669,0.682,0.786,0.502,0.536,0.573,0.462,0.767,0.0,0.761,0.653,0.489,0.6,0.782,0.488,1.0,0.47,0.676,0.79,0.494,0.496,0.507,0.69,0.691,0.475,0.54
0.497,0.468,0.406,0.767,0.48,0.464,0.451,0.741,0.464,0.769,0.459,0.748,0.466,0.772,0.771,0.451,0.441,0.466,0.46,0.451,0.458,0.466,0.474,0.46,0.448,0.448,0.463,0.75,0.507,0.476,0.889,0.457,0.0,0.464,0.429,0.645,0.451,0.472,0.701,0.47,1.0,0.471,0.461,0.754,0.755,0.499,0.455,0.455,0.703,0.512
0.538,0.719,0.426,0.475,0.67,0.723,0.584,0.496,0.539,0.482,0.661,0.479,0.667,0.463,0.468,0.585,0.705,0.677,0.672,0.585,0.646,0.654,0.658,0.735,0.719,0.729,0.665,0.479,0.503,0.531,0.454,0.669,0.0,0.651,0.686,0.474,0.586,0.672,0.481,0.676,0.471,1.0,0.694,0.486,0.485,0.484,0.744,0.744,0.465,0.503
0.551,0.676,0.43,0.482,0.747,0.66,0.614,0.503,0.566,0.488,0.721,0.489,0.774,0.481,0.485,0.611,0.675,0.731,0.754,0.615,0.755,0.771,0.767,0.683,0.67,0.669,0.848,0.498,0.53,0.556,0.451,0.758,0.0,0.774,0.657,0.478,0.615,0.863,0.48,0.79,0.461,0.694,1.0,0.491,0.49,0.497,0.677,0.678,0.468,0.533
0.507,0.501,0.406,0.761,0.495,0.477,0.469,0.908,0.476,0.736,0.477,0.745,0.492,0.745,0.749,0.471,0.471,0.49,0.492,0.469,0.476,0.486,0.494,0.477,0.476,0.495,0.489,0.951,0.518,0.483,0.723,0.483,0.0,0.485,0.45,0.636,0.471,0.496,0.697,0.494,0.754,0.486,0.491,1.0,0.969,0.503,0.48,0.481,0.721,0.523
0.521,0.494,0.399,0.76,0.502,0.482,0.475,0.904,0.474,0.745,0.478,0.753,0.494,0.741,0.746,0.475,0.478,0.492,0.495,0.475,0.48,0.492,0.502,0.486,0.469,0.487,0.485,0.943,0.522,0.484,0.719,0.485,0.0,0.488,0.454,0.641,0.477,0.49,0.701,0.496,0.755,0.485,0.49,0.969,1.0,0.497,0.484,0.485,0.71,0.524
0.529,0.494,0.434,0.506,0.5,0.482,0.478,0.512,0.518,0.5,0.477,0.507,0.489,0.486,0.505,0.479,0.449,0.482,0.494,0.478,0.48,0.477,0.481,0.478,0.476,0.476,0.49,0.498,0.603,0.525,0.5,0.48,0.0,0.473,0.453,0.475,0.479,0.497,0.498,0.507,0.499,0.484,0.497,0.503,0.497,1.0,0.513,0.513,0.502,0.653
0.528,0.727,0.428,0.472,0.685,0.736,0.574,0.483,0.52,0.463,0.652,0.473,0.661,0.456,0.47,0.573,0.71,0.663,0.666,0.574,0.661,0.647,0.654,0.725,0.714,0.738,0.656,0.477,0.493,0.524,0.444,0.673,0.0,0.658,0.685,0.463,0.575,0.691,0.481,0.69,0.455,0.744,0.677,0.48,0.484,0.513,1.0,0.999,0.457,0.507
0.529,0.728,0.428,0.473,0.686,0.736,0.575,0.484,0.521,0.464,0.653,0.474,0.662,0.457,0.471,0.574,0.711,0.664,0.667,0.575,0.662,0.648,0.655,0.726,0.714,0.739,0.657,0.478,0.494,0.525,0.444,0.674,0.0,0.659,0.686,0.464,0.576,0.692,0.481,0.691,0.455,0.744,0.678,0.481,0.485,0.513,0.999,1.0,0.457,0.508
0.489,0.486,0.41,0.703,0.48,0.473,0.462,0.701,0.472,0.709,0.463,0.694,0.473,0.704,0.709,0.462,0.442,0.457,0.466,0.462,0.455,0.468,0.475,0.459,0.466,0.478,0.465,0.702,0.507,0.472,0.683,0.465,0.0,0.468,0.437,0.637,0.462,0.477,0.684,0.475,0.703,0.465,0.468,0.721,0.71,0.502,0.457,0.457,1.0,0.512
0.583,0.509,0.436,0.546,0.529,0.506,0.531,0.536,0.567,0.529,0.508,0.542,0.524,0.525,0.553,0.527,0.493,0.512,0.515,0.531,0.517,0.522,0.521,0.509,0.492,0.501,0.513,0.533,0.848,0.562,0.498,0.499,0.0,0.525,0.484,0.515,0.53,0.526,0.516,0.54,0.512,0.503,0.533,0.523,0.524,0.653,0.507,0.508,0.512,1.0
